0 0 0 5 0 
0 0 0 8 0 
37 2 104 0 23 
7 2 40 0 11 
7 0 24 30 1 
3 0 62 0 11 
4 0 13 3 0 
1 0 0 0 5 
0 0 13 0 2 
1 5 1 0 41 
11 0 0 0 0 
0 0 0 0 5 
0 0 6 0 0 
0 0 5 0 0 
0 0 8 0 0 
8 0 0 0 0 
0 0 49 0 0 
0 0 79 0 0 
1 0 23 0 4 
0 0 20 0 0 
6 0 0 0 0 
17 0 0 0 2 
15 0 0 0 0 
0 0 5 0 0 
19 0 1 0 0 
17 0 197 0 26 
14 0 0 0 0 
14 0 1 0 2 
5 0 0 0 0 
14 0 0 0 0 
0 0 6 0 0 
0 0 0 0 8 
19 0 1 0 1 
3 2 42 1 12 
57 0 4 0 0 
7 0 2 0 1 
6 0 0 0 0 
0 0 17 4 5 
44 1 10 0 0 
94 1 33 0 560 
32 0 37 0 128 
9 0 1 0 2 
2 0 5 0 0 
6 0 8 0 0 
82 4 12 1 2 
3 0 7 0 4 
4 0 50 0 4 
3 2 9 22 10 
4 0 7 0 1 
0 0 6 0 1 
0 0 0 19 0 
4 1 8 0 2 
1 0 0 10 6 
0 0 1 11 0 
0 0 0 0 6 
0 0 9 0 0 
0 0 0 0 5 
0 0 0 0 5 
0 0 0 2 11 
0 0 0 17 0 
0 0 5 0 0 
0 0 5 0 0 
0 0 11 0 0 
0 0 0 0 27 
0 0 16 0 0 
0 0 7 0 0 
20 0 45 0 30 
5 0 0 0 2 
0 0 6 0 0 
2 0 6 0 5 
0 0 0 0 15 
20 2 8 0 3 
11 1 89 0 6 
1 0 8 0 0 
0 0 6 0 1 
1 0 0 10 0 
7 0 0 0 0 
0 0 5 0 0 
7 0 1 0 0 
7 0 2 0 14 
5 0 8 0 3 
3 0 0 0 7 
22 0 331 0 4 
14 0 0 0 2 
56 1 43 0 92 
9 0 16 0 14 
2 0 13 3 16 
0 0 6 0 0 
10 3 0 0 6 
5 0 6 0 0 
29 0 0 0 53 
1 0 18 0 1 
2 0 0 0 13 
6 0 0 0 1 
1 0 13 0 3 
23 0 9 0 12 
9 0 0 0 0 
13 0 39 0 49 
1 0 7 0 0 
0 0 5 0 1 
345 29 233 0 372 
29 0 15 0 2 
3 0 0 5 0 
54 5 78 0 39 
0 0 0 0 5 
5 0 0 0 0 
126 0 6 0 146 
11 8 20 0 67 
9 0 0 0 5 
0 0 5 0 2 
2 0 0 0 12 
2 0 6 0 0 
3 0 10 0 1 
23 5 70 0 11 
10 0 31 6 10 
25 16 233 0 8 
6 0 0 0 0 
5 0 1 0 2 
0 0 12 0 0 
0 0 6 0 0 
4 0 8 0 3 
0 0 16 0 0 
7 0 25 0 6 
16 0 134 0 5 
22 3 24 0 63 
12 0 9 0 11 
4 0 14 0 3 
0 0 7 0 0 
0 0 0 0 14 
1 0 5 0 17 
1 0 34 0 0 
2 1 10 2 8 
1 0 22 0 7 
15 1 10 2 4 
1 0 11 1 3 
1 0 5 0 0 
2 0 9 0 12 
5 1 19 0 0 
0 0 9 0 0 
0 0 7 0 0 
0 0 27 0 7 
0 0 6 0 1 
0 0 6 0 0 
14 1 112 0 0 
0 0 0 0 14 
0 0 0 0 7 
0 0 0 0 6 
0 0 0 0 7 
0 0 0 0 7 
0 0 0 0 13 
0 0 0 0 7 
0 0 0 0 6 
0 0 0 0 8 
0 0 0 0 9 
0 0 0 0 6 
0 0 0 0 17 
0 0 0 9 0 
0 0 0 5 0 
0 0 0 0 16 
0 0 0 5 0 
0 0 0 0 14 
0 0 0 6 1 
0 0 0 22 0 
0 0 0 5 0 
0 0 0 1 5 
0 0 0 1 7 
0 0 0 5 0 
0 0 6 0 0 
0 0 10 0 0 
0 0 7 0 0 
0 0 11 0 0 
0 0 2 7 0 
0 0 5 0 0 
0 0 1 5 0 
0 0 0 0 12 
0 0 10 0 0 
0 0 9 0 1 
0 0 0 0 7 
0 0 21 0 0 
0 0 5 0 2 
0 0 7 0 0 
0 0 2 0 26 
0 0 6 0 1 
0 0 2 7 0 
0 0 12 0 3 
0 0 42 0 0 
0 0 2 5 5 
0 0 6 0 0 
0 0 12 0 0 
0 0 9 0 0 
0 0 5 0 0 
0 0 5 0 5 
0 0 29 0 0 
0 0 33 0 0 
0 0 4 0 5 
0 0 0 0 34 
0 0 7 0 6 
0 0 0 0 6 
18 0 2 0 15 
7 0 0 0 6 
13 0 37 0 2 
1 0 0 8 0 
0 0 8 0 1 
2 0 9 0 0 
9 19 3 0 25 
0 0 0 0 5 
19 10 14 0 11 
14 0 13 0 13 
10 0 2 0 8 
0 0 0 0 6 
7 4 1 0 48 
37 6 43 2 110 
62 0 0 0 7 
5 2 13 0 0 
4 0 8 1 0 
19 0 126 0 1 
6 0 8 0 11 
1 0 5 0 0 
0 0 0 0 10 
2 0 3 0 11 
11 0 66 7 28 
6 0 16 0 12 
8 0 0 0 3 
31 0 54 0 22 
10 0 24 0 2 
17 0 21 0 182 
8 0 1 1 5 
3 1 17 1 3 
48 1 29 0 35 
10 2 6 0 1 
6 0 24 0 3 
14 0 0 0 0 
7 1 83 0 3 
29 3 24 0 33 
46 0 368 0 4 
5 5 0 0 0 
13 0 4 0 0 
17 0 1 0 1 
0 0 0 18 0 
30 0 25 0 0 
1 0 11 0 2 
10 2 120 0 0 
0 0 0 0 37 
6 0 21 6 2 
0 0 22 0 0 
9 1 69 3 24 
8 0 19 0 7 
8 0 3 0 0 
4 0 2 0 5 
20 0 33 0 0 
6 0 26 0 8 
7 0 7 0 1 
9 0 5 0 1 
0 0 5 0 0 
11 0 53 0 21 
6 0 1 0 2 
5 0 0 0 13 
9 0 0 0 1 
12 1 4 0 2 
1 0 12 0 0 
20 2 13 0 15 
0 0 0 0 7 
2 0 12 0 1 
5 0 24 0 11 
6 0 4 0 0 
6 0 5 0 0 
123 32 108 0 40 
5 0 20 0 6 
25 0 1 0 25 
9 0 3 0 4 
7 3 26 0 9 
9 7 2 0 86 
8 0 21 0 8 
0 0 5 0 1 
2 0 30 0 4 
5 0 17 0 12 
5 0 2 0 11 
0 0 6 0 0 
6 0 8 0 10 
0 5 0 0 38 
0 1 13 0 0 
9 6 1 0 20 
5 0 1 0 0 
3 0 3 9 3 
38 10 57 0 109 
0 0 0 1 9 
13 0 0 0 0 
30 1 13 0 81 
8 0 8 0 11 
3 0 6 0 34 
0 0 7 0 1 
1 0 18 0 2 
6 0 0 0 0 
21 0 30 0 18 
39 11 10 0 788 
5 1 1 0 5 
0 0 7 0 0 
0 0 0 5 0 
9 0 30 0 2 
141 0 92 0 120 
3 0 1 0 5 
145 61 205 0 54 
15 0 1 1 0 
8 0 2 0 34 
9 0 0 0 1 
0 0 23 0 0 
13 0 2 0 5 
14 0 9 0 3 
58 8 263 0 21 
5 0 1 0 4 
21 0 2 0 2 
54 7 129 0 14 
2 1 9 0 16 
7 0 3 0 24 
0 0 0 9 0 
12 0 0 0 4 
1 0 12 0 2 
17 1 39 0 12 
0 0 20 0 0 
22 0 0 0 6 
0 1 1 0 5 
7 0 23 5 24 
43 5 11 0 65 
11 1 19 0 24 
27 0 5 2 208 
55 2 10 0 24 
9 0 16 0 35 
3 0 12 0 0 
6 0 1 1 2 
87 0 1 0 13 
6 0 1 0 1 
66 2 257 0 12 
6 0 7 0 1 
6 0 2 2 13 
51 0 31 1 150 
0 0 0 0 9 
5 0 28 16 3 
9 0 0 0 0 
25 2 3 0 1 
8 0 1 0 3 
15 0 0 0 0 
11 1 6 0 22 
15 0 36 1 8 
6 0 6 10 5 
87 1 168 3 98 
0 0 12 5 0 
48 4 51 0 43 
9 0 6 0 0 
25 1 12 1 29 
50 0 2 1 0 
16 0 73 0 25 
1 0 7 0 0 
8 0 1 0 5 
11 6 3 0 2 
7 0 1 0 10 
24 0 26 3 13 
6 0 52 0 6 
18 0 4 0 1 
3 0 0 0 12 
0 0 0 0 12 
45 0 71 0 46 
0 0 8 0 1 
9 1 14 0 0 
19 1 23 0 46 
31 0 10 0 0 
2 0 2 0 6 
0 0 0 8 0 
5 3 2 0 0 
6 0 9 0 13 
6 0 0 0 2 
83 3 162 0 18 
136 0 10 0 6 
2 6 1 0 17 
1 0 6 0 0 
180 2 14 0 20 
0 0 10 0 0 
17 2 7 0 24 
8 0 1 0 0 
39 4 9 0 31 
9 3 23 0 2 
5 4 29 0 0 
59 3 71 0 24 
6 0 32 0 24 
7 0 110 5 13 
0 0 5 0 0 
213 5 44 0 62 
23 0 5 0 26 
16 2 10 3 84 
1 0 52 0 11 
23 0 20 6 15 
18 0 0 0 0 
17 4 34 3 7 
6 0 0 0 0 
303 2 4 0 46 
0 0 0 15 0 
0 0 24 0 0 
0 1 13 0 5 
20 0 0 0 5 
68 0 43 0 28 
3 0 12 9 9 
23 0 39 0 10 
4 0 12 10 0 
3 0 0 0 27 
26 0 27 0 6 
5 1 8 0 11 
15 0 36 0 16 
26 1 3 0 4 
11 0 17 0 36 
5 0 20 0 2 
18 0 25 0 13 
27 2 311 0 6 
160 0 23 1 1 
7 0 0 0 0 
7 7 11 0 8 
2 0 5 0 2 
1 0 4 1 12 
17 0 14 0 7 
0 0 0 0 13 
68 3 169 0 109 
5 1 0 0 0 
0 0 6 0 0 
3 0 4 3 11 
13 0 3 0 0 
4 0 8 2 1 
6 0 2 0 0 
7 7 2 0 0 
1 0 5 0 8 
0 0 16 0 0 
25 0 74 0 4 
13 1 24 1 25 
6 2 9 2 7 
26 2 18 0 5 
66 0 54 0 44 
7 0 0 0 0 
0 0 0 0 12 
7 1 2 11 2 
9 3 9 0 19 
1 1 11 0 1 
341 42 224 0 151 
18 0 4 0 4 
8 0 9 0 18 
5 1 9 0 3 
9 0 1 0 1 
11 2 10 0 0 
0 0 4 0 6 
0 0 156 1 624 
10 0 0 0 0 
24 2 45 0 11 
0 0 0 6 0 
25 1 25 0 84 
58 149 11 0 36 
159 54 195 1 139 
20 12 29 150 11 
0 0 10 0 0 
70 0 40 0 117 
1 1 53 0 0 
7 2 1 0 1 
8 0 0 0 0 
34 6 42 0 10 
35 0 9 0 54 
29 0 61 0 47 
16 2 26 0 13 
8 3 14 0 8 
14 0 17 0 14 
0 0 0 0 5 
7 2 1 0 5 
20 1 18 0 21 
0 0 0 0 32 
24 1 171 0 5 
16 2 12 0 16 
15 0 2 0 8 
10 0 22 0 7 
13 2 40 0 18 
6 9 11 1 3 
4 0 0 0 34 
24 2 39 0 44 
2 1 19 0 5 
5 0 0 0 11 
16 0 1 0 2 
40 1 15 0 0 
6 3 7 0 4 
0 0 0 0 16 
4 0 0 0 6 
9 0 0 0 0 
13 0 0 0 0 
29 0 34 0 0 
4 0 7 0 2 
13 13 19 0 24 
9 0 13 0 0 
165 2 149 0 38 
0 0 0 0 6 
0 0 5 2 1 
2 2 4 0 10 
5 0 0 0 0 
2 0 5 0 0 
18 1 0 0 0 
5 0 15 1 17 
14 2 36 0 41 
1 0 22 0 0 
0 0 0 0 23 
28 0 8 0 1 
19 1 4 0 18 
5 0 2 0 0 
10 0 0 0 0 
5 0 1 0 2 
0 1 12 4 3 
1 1 6 2 0 
13 0 0 0 7 
5 0 0 0 1 
0 0 9 0 0 
5 0 20 0 16 
0 0 0 159 0 
8 0 2 1 0 
3 8 14 0 8 
2 0 7 0 2 
1 0 2 1 6 
7 0 6 0 16 
13 0 56 1 13 
8 6 37 1 4 
2 0 0 0 10 
18 0 0 0 0 
106 3 2 1 6 
7 0 36 0 1 
66 1 25 0 29 
2 0 1 296 5 
8 17 12 0 0 
12 0 28 0 16 
10 0 1 0 0 
4 0 8 20 0 
8 0 0 1 0 
0 0 1 0 12 
10 0 0 0 11 
2 0 0 0 5 
9 10 48 0 16 
5 0 2 0 2 
0 0 0 6 0 
0 0 5 0 0 
5 0 31 14 0 
0 0 0 0 29 
1 0 9 0 1 
1 0 16 2 0 
10 0 62 1 3 
0 0 52 0 0 
3 0 7 0 12 
8 0 27 0 22 
5 0 142 0 0 
4 3 64 0 8 
1 0 2 1 12 
14 1 18 9 49 
1 0 0 0 9 
8 0 0 0 0 
11 2 86 0 49 
1 0 0 0 5 
2 0 1 0 5 
3 0 26 0 8 
2 0 41 0 7 
2 0 0 0 24 
2 0 0 0 6 
1 0 7 0 0 
1 0 1117 0 0 
10 2 0 0 7 
9 0 2 0 0 
1 0 10 0 2 
8 0 0 0 0 
3 0 1 10 0 
0 0 1 0 11 
6 2 0 0 3 
0 0 8 0 0 
3 2 1 1 5 
2 0 13 5 7 
5 0 2 3 1 
8 0 0 0 0 
3 0 17 0 7 
0 0 47 0 0 
13 0 27 3 19 
2 0 7 1 2 
0 0 0 1 7 
8 0 0 0 5 
35 0 2 0 0 
1 0 23 2 11 
3 0 0 5 0 
0 0 0 0 29 
0 0 0 0 24 
11 0 3 0 2 
51 0 2 0 0 
1 0 4 0 12 
1 0 0 0 5 
8 0 0 0 0 
4 0 12 0 12 
3 1 10 0 1 
3 0 11 0 0 
24 0 18 0 28 
4 0 6 0 3 
7 1 0 0 6 
1 0 12 0 0 
1 0 1 7 3 
20 0 6 0 10 
1 3 3 0 5 
1 2 10 5 0 
3 0 5 1 0 
2 0 172 0 7 
1 0 5 0 0 
71 0 390 0 37 
27 0 75 0 0 
5 0 1 0 4 
32 1 85 2 17 
1 0 3 0 11 
1 0 6 0 0 
3 0 1 0 7 
5 0 1 0 2 
1 0 0 0 10 
5 1 3 0 6 
4 0 5 0 4 
5 0 0 0 0 
0 0 33 0 1 
3 0 14 0 0 
0 0 462 0 0 
5 2 3 2 0 
0 0 3 2 12 
1 0 0 10 0 
5 0 0 0 0 
0 1 11 0 1 
0 0 147 0 0 
0 21 4 0 2 
0 5 0 0 3 
0 2 2 100 2 
0 2 10 0 0 
0 6 0 0 0 
68 2 345 0 884 
0 1 2 0 9 
0 0 25 0 0 
0 0 38 0 1 
14 0 3 0 2 
0 0 51 0 0 
0 0 9 1 0 
3 0 0 0 178 
12 0 95 0 25 
1 1 16 0 6 
0 0 8 4 0 
0 0 17 0 1 
0 0 33 0 0 
0 0 7 3 0 
0 0 5 0 0 
5 1 0 1 11 
5 0 0 0 0 
0 0 14 0 0 
0 0 0 0 5 
0 0 0 0 9 
0 0 0 0 10 
0 0 0 0 15 
0 0 0 0 8 
0 0 0 0 6 
0 0 0 0 7 
0 0 0 0 9 
0 0 0 0 7 
0 0 0 0 9 
0 0 0 0 17 
0 0 0 0 39 
0 0 0 0 35 
0 0 0 0 18 
0 0 0 0 10 
0 0 16 0 6 
8 0 0 0 16 
0 0 10 0 0 
0 0 2 8 0 
0 0 84 0 0 
0 0 23 2 14 
0 0 27 0 0 
0 0 2 11 0 
10 0 8 0 14 
37 7 26 0 103 
0 0 19 0 2 
0 0 0 5 0 
0 1 1 0 10 
0 1 3 5 0 
0 1 3 0 29 
0 1 49 4 0 
6 0 0 0 1 
5 3 125 0 3 
48 1 54 15 24 
31 1 0 0 0 
1 0 0 0 10 
0 0 12 4 1 
0 0 7 0 2 
29 0 36 0 9 
1 0 7 20 1 
0 0 0 7 0 
0 0 1 5 0 
0 0 0 6 0 
34 13 14 0 51 
2 0 12 0 0 
0 0 8 0 2 
53 9 126 0 47 
0 0 5 0 6 
2 0 7 0 3 
14 1 11 0 3 
2 2 80 0 0 
1 0 22 0 20 
18 0 31 0 4 
2 0 5 0 0 
0 1 0 5 0 
0 0 0 0 30 
0 0 129 0 0 
0 0 8 26 1 
5 0 36 0 5 
17 0 49 1 11 
4 28 4 0 0 
0 0 0 11 0 
5 0 0 0 0 
0 0 0 0 53 
2 0 25 0 11 
4 0 9 1 0 
0 1 6 0 2 
0 0 0 10 1 
2 29 13 0 1 
0 0 0 0 13 
0 0 0 0 134 
4 0 0 241 0 
0 0 59 0 0 
4 0 7 0 4 
1 0 4 5 0 
6 0 0 0 0 
0 0 1 0 9 
0 1 0 0 10 
79 1 225 0 9 
1 0 9 0 8 
2 0 0 0 7 
1 0 10 0 1 
1 0 12 0 0 
25 0 47 0 5 
153 24 79 1 150 
2 1 0 2 8 
0 9 4 0 0 
0 0 0 0 7 
2 0 19 0 6 
10 0 8 0 16 
0 0 0 0 56 
3 0 17 0 3 
0 0 0 6 0 
41 0 1 0 7 
6 0 6 0 25 
0 6 5 1 0 
45 1 0 0 52 
5 3 3 0 12 
2 1 6 3 9 
2 0 1 0 5 
6 0 44 0 15 
16 0 8 2 46 
5 5 9 3 8 
49 0 5 0 8 
1 15 35 0 0 
3 0 0 0 11 
14 0 0 0 0 
2 0 4 0 5 
8 0 0 0 4 
4 0 6 0 151 
5 0 0 0 0 
27 0 9 0 2 
58 0 6 0 2 
2 0 29 0 4 
12 1 3 0 30 
159 1 98 0 320 
7 0 38 1 15 
6 0 6 1 1 
26 1 21 0 4 
1 0 5 0 32 
9 0 7 1 2 
1 0 7 0 1 
1 0 17 0 0 
9 0 7 1 6 
6 0 11 0 1 
7 0 0 0 0 
5 0 0 0 0 
36 6 10 0 128 
6 0 24 0 14 
16 0 0 0 0 
1 0 5 0 6 
0 0 5 0 6 
5 0 28 0 5 
16 0 2 0 0 
72 11 78 0 186 
32 6 31 0 3 
7 0 2 0 0 
37 0 0 0 38 
66 0 45 1 19 
3 8 0 0 0 
13 0 0 0 0 
3 0 5 0 0 
8 0 0 0 0 
0 0 11 0 2 
0 0 3 0 8 
8 0 9 2 29 
2 0 0 42 5 
1 0 7 0 3 
6 0 2 0 0 
0 0 9 0 0 
10 59 26 0 1 
6 0 3 16 4 
5 5 2 0 5 
3 0 0 11 3 
25 0 53 0 5 
0 0 1 8 2 
9 0 0 0 8 
1 0 0 0 10 
0 0 0 0 13 
4 0 3 0 8 
0 0 10 2 0 
10 0 35 0 10 
0 0 7 4 0 
5 0 0 0 110 
2 0 9 0 0 
22 1 19 0 31 
317 42 563 9 490 
0 1 16 1 12 
4 1 5 0 0 
9 0 7 0 0 
3 0 0 0 18 
10 0 17 0 34 
3 2 14 0 1 
1 2 9 2 5 
5 0 3 0 25 
8 0 52 0 15 
9 0 1 0 60 
8 1 1 1 3 
6 0 3 0 1 
26 0 12 0 1 
2 0 27 0 9 
25 1 29 0 39 
15 0 36 0 11 
7 1 67 0 9 
10 1 33 0 12 
7 1 6 1 1 
51 0 537 0 1 
17 0 8 0 15 
11 1 31 0 22 
0 0 5 0 0 
1 1 12 0 9 
104 5 157 0 36 
2 1 18 0 11 
23 7 1 0 17 
3 0 7 0 0 
14 0 0 0 21 
1 0 8 0 0 
0 0 0 0 43 
7 0 6 0 0 
13 0 50 9 1 
77 0 0 0 1 
5 0 0 0 0 
5 1 0 0 0 
0 3 90 1 30 
9 0 7 0 0 
16 0 64 2 42 
7 0 6 0 0 
21 0 51 0 26 
21 0 0 0 0 
5 14 0 0 0 
0 0 0 0 15 
3 0 0 0 5 
3 0 14 0 2 
19 0 0 0 1 
6 0 5 0 9 
0 0 0 0 16 
28 0 40 1 86 
2 0 2 0 13 
5 0 2 0 2 
3 0 14 3 1 
3 0 13 0 5 
3 0 5 0 0 
301 0 183 0 200 
5 0 0 3 0 
21 0 9 0 90 
8 0 9 1 7 
82 0 65 0 26 
82 0 77 0 16 
3 0 2 0 38 
0 0 0 1 5 
9 0 21 0 3 
12 1 27 5 121 
12 0 27 0 12 
15 0 52 0 20 
29 0 0 0 28 
133 15 64 0 186 
44 0 26 7 12 
16 1 5 0 8 
0 0 0 0 9 
13 0 1 0 0 
7 0 1 0 4 
0 0 0 0 6 
22 1 22 0 13 
6 2 3 1 2 
2 0 31 0 0 
0 0 49 0 18 
0 0 7 0 0 
6 0 0 0 0 
11 0 0 0 283 
13 2 42 2 12 
0 1 2 1 63 
4 0 8 0 0 
80 0 86 0 255 
0 0 6 0 0 
0 0 11 0 3 
18 0 45 0 1 
0 0 6 2 0 
9 0 13 0 13 
9 3 26 0 34 
42 1 13 1 283 
6 0 0 0 0 
2 1 123 0 0 
1 0 6 2 0 
2 0 10 0 2 
0 0 0 5 0 
11 6 32 0 4 
2 0 6 0 9 
39 0 102 3 27 
57 0 13 0 183 
47 1 53 0 0 
10 0 55 0 9 
11 0 0 0 0 
22 0 0 0 27 
2 2 10 0 1 
7 1 18 0 6 
114 24 354 2 193 
18 7 16 7 31 
78 0 233 4 142 
4 0 0 6 1 
5 0 2 5 0 
5 1 20 0 2 
0 0 8 0 0 
0 0 0 39 0 
13 11 3 0 48 
2 0 6 0 0 
0 0 20 0 3 
4 0 2 11 1 
0 10 0 0 0 
0 0 0 5 0 
38 4 78 0 44 
0 0 0 7 0 
23 2 195 0 33 
1 0 12 2 2 
16 0 37 0 0 
0 5 0 0 12 
11 0 28 13 11 
2 0 3 0 24 
6 0 0 0 0 
6 0 25 2 11 
0 0 0 0 24 
8 0 0 0 4 
0 0 0 17 0 
179 8 96 0 239 
71 0 84 0 54 
0 0 34 0 0 
6 0 0 0 4 
5 0 2 0 0 
0 0 10 0 0 
2 0 16 0 0 
0 10 12 0 3 
1 0 0 9 0 
5 0 0 0 2 
8 0 0 0 8 
79 11 59 1 75 
2 1 19 0 2 
18 2 3 0 18 
1 0 0 5 12 
15 0 10 0 1 
22 2 36 0 7 
0 1 5 0 0 
3 0 2 0 9 
3 0 98 0 0 
5 0 3 0 7 
6 0 9 0 4 
5 0 0 0 0 
12 5 0 0 2 
12 0 1 0 2 
5 0 0 0 0 
7 0 1 0 4 
2 0 21 0 0 
55 0 5 0 26 
0 0 0 8 0 
0 0 6 2 1 
8 0 0 0 0 
15 1 7 0 2 
1 0 12 2 1 
6 0 3 0 0 
1 0 12 0 3 
0 0 1 6 11 
0 0 0 0 19 
9 0 0 0 0 
2 8 0 0 84 
0 0 0 36 0 
0 0 0 72 0 
3 0 2 26 2 
2 0 1 6 0 
20 3 90 0 20 
5 0 53 0 5 
21 1 0 0 6 
0 0 3 0 18 
4 1 22 0 3 
4 0 28 3 8 
15 0 0 0 0 
2 1 13 6 0 
9 1 1 0 10 
16 0 10 0 3 
5 5 38 14 16 
4 1 9 0 6 
1 0 9 0 0 
5 3 286 4 13 
4 0 1 7 0 
11 3 13 7 30 
1 2 32 1 2 
0 0 2 0 14 
1 0 10 0 3 
197 2 137 1 402 
0 0 5 0 0 
0 0 9 0 0 
4 0 10 0 3 
2 0 0 0 40 
3 1 8 0 2 
3 0 3 0 7 
5 0 54 0 1 
9 0 0 0 0 
0 0 0 0 7 
11 0 0 2 35 
3 0 16 0 3 
3 0 10 0 4 
11 2 25 0 5 
2 0 6 6 4 
1 0 1 22 0 
11 1 4 0 8 
0 0 0 2 13 
10 0 2 0 12 
13 0 0 0 2 
0 7 1 0 12 
1 0 6 0 0 
0 0 0 0 21 
20 0 23 0 59 
1 0 23 0 0 
13 2 0 1 18 
10 0 19 0 15 
3 0 0 0 58 
3 0 49 5 33 
2 1 4 0 22 
3 0 4 0 6 
9 0 40 0 5 
2 2 7 0 22 
15 0 0 0 0 
2 0 5 0 1 
0 0 25 0 0 
7 0 3 0 5 
100 4 263 1 73 
5 0 33 0 2 
2 0 21 0 9 
2 0 12 0 3 
23 0 1 0 0 
0 0 6 0 0 
0 0 15 0 0 
1 0 1 0 24 
8 0 0 0 0 
9 0 7 0 2 
6 0 24 0 19 
2 0 5 4 1 
11 1 20 0 9 
2 0 54 0 11 
24 2 18 6 19 
114 0 42 1 29 
21 1 59 0 47 
0 0 5 1 0 
33 0 4 0 53 
10 0 0 0 0 
6 0 10 0 2 
1 0 26 0 0 
13 3 43 0 17 
10 0 1 1 4 
6 0 5 0 43 
2 0 28 0 0 
0 0 6 0 1 
0 0 85 0 0 
0 0 6 0 0 
0 0 11 0 5 
0 0 0 0 8 
0 0 6 0 0 
0 0 5 0 0 
83 4 82 6 144 
8 0 18 3 7 
0 0 10 0 0 
0 0 6 3 1 
0 0 7 0 0 
0 0 1 5 0 
2 0 7 0 1 
0 0 8 1 0 
0 0 6 9 0 
0 0 5 0 3 
0 0 2 6 0 
0 0 0 8 0 
0 0 1 1 8 
10 1 17 0 21 
1 0 7 0 2 
0 0 6 0 0 
0 0 5 0 0 
0 0 1 7 0 
13 0 1 0 7 
0 0 1 5 0 
0 0 0 5 0 
0 0 0 5 0 
0 0 5 0 3 
6 0 0 0 0 
0 0 16 0 1 
0 0 0 0 43 
1 0 1 0 10 
0 0 15 0 0 
0 0 0 0 5 
0 0 2 3 12 
21 0 0 0 0 
0 0 5 0 0 
0 0 30 0 0 
0 0 0 0 40 
0 0 6 0 0 
0 0 0 0 6 
0 0 3 2 6 
0 0 5 0 0 
8 0 3 0 22 
0 0 30 0 14 
0 0 10 0 2 
1 0 2 9 1 
2 0 0 0 16 
0 0 12 0 0 
3 0 11 0 3 
0 0 0 0 9 
0 0 0 10 0 
48 0 22 1 144 
10 0 18 0 5 
36 3 287 0 14 
2 0 5 2 1 
0 3 45 0 0 
0 0 1 9 0 
0 1 0 9 0 
12 0 0 0 0 
6 6 6 0 1 
0 0 11 0 0 
0 0 5 0 0 
1 0 4 5 6 
0 0 2 0 5 
2 0 10 0 0 
2 1 10 0 0 
0 0 0 16 0 
2 0 0 0 15 
0 0 0 9 0 
0 0 6 0 0 
167 0 0 4 3 
48 0 76 0 62 
4 0 0 0 74 
0 0 0 0 9 
0 0 1 0 7 
1 0 15 0 0 
7 0 5 0 26 
0 0 0 7 0 
0 0 0 8 0 
0 0 0 8 0 
0 0 0 32 0 
25 2 47 0 8 
0 0 0 6 0 
0 0 0 23 0 
0 0 0 5 0 
0 0 0 11 0 
3 0 10 0 1 
0 0 0 16 0 
0 0 0 5 0 
0 0 12 0 1 
0 0 0 10 13 
0 0 6 0 0 
0 0 0 8 0 
4 2 21 0 2 
0 0 0 0 10 
0 0 0 5 0 
0 0 0 7 0 
0 0 0 73 0 
6 0 2 0 4 
0 0 0 0 14 
0 0 11 0 10 
1 0 0 0 6 
0 0 0 0 15 
0 0 32 3 11 
0 0 0 1 49 
0 0 0 103 0 
0 0 0 6 1 
0 0 0 14 0 
0 0 0 12 0 
10 0 47 0 0 
8 0 6 0 0 
0 0 0 5 4 
0 0 0 8 0 
0 0 0 0 249 
14 0 6 0 2 
1 0 1 1 9 
2 0 0 0 5 
42 3 215 5 91 
0 0 0 0 9 
1 0 0 5 0 
15 0 25 4 41 
0 0 0 0 13 
7 0 1 0 32 
0 0 0 6 0 
6 25 2 0 22 
0 0 0 0 9 
175 11 169 0 150 
0 0 0 11 0 
0 0 0 5 0 
0 0 0 6 0 
1 0 5 0 5 
0 0 0 0 12 
0 0 0 0 34 
0 0 11 0 6 
0 0 0 0 23 
0 0 0 0 17 
0 0 0 0 10 
0 0 1 13 0 
3 0 13 0 4 
15 0 8 4 10 
0 0 0 0 10 
0 0 0 0 6 
15 0 3 0 18 
0 0 0 0 5 
0 0 0 0 11 
0 0 0 0 26 
0 0 0 0 12 
7 0 6 0 1 
0 0 0 0 60 
5 0 2 0 38 
7 0 0 3 1 
0 0 0 7 0 
0 0 0 0 8 
0 0 0 0 35 
0 0 0 0 40 
0 0 0 0 18 
0 0 0 0 20 
0 0 0 0 8 
0 0 0 0 5 
0 0 0 0 9 
0 0 0 0 5 
0 0 0 0 5 
0 0 0 0 7 
0 0 0 0 5 
0 0 0 0 5 
0 0 0 51 0 
0 0 0 186 0 
0 0 0 5 0 
0 0 0 0 7 
0 0 0 8 0 
0 0 0 11 0 
0 0 0 7 0 
0 0 0 11 1 
0 0 2 0 9 
0 0 0 5 0 
0 0 0 0 233 
1 0 16 0 0 
34 0 7 0 5 
16 0 3 0 0 
6 0 23 0 5 
0 0 0 6 0 
6 0 0 0 0 
7 0 2 0 6 
6 0 74 0 0 
1 0 22 0 2 
6 1 8 0 18 
1 0 6 0 1 
0 0 5 0 0 
18 2 11 0 33 
0 0 6 1 0 
2 0 9 0 0 
4 0 51 0 5 
2 4 2 1 8 
1 0 4 0 19 
13 0 11 0 0 
0 0 19 0 1 
0 0 22 2 1 
5 0 27 0 7 
11 0 1 0 0 
4 0 6 0 24 
0 0 5 0 0 
7 0 5 0 2 
7 0 3 0 0 
5 1 7 0 1 
6 0 10 0 5 
5 2 38 0 16 
1 0 2 0 5 
110 1 192 4 105 
4 0 20 0 3 
5 1 20 0 33 
4 0 7 0 0 
9 1 6 0 18 
1 0 0 3 5 
0 0 17 0 0 
9 0 4 0 13 
7 0 1 0 1 
0 0 0 0 270 
0 0 5 4 0 
11 0 23 0 4 
3 1 1 0 5 
165 0 20 0 23 
4 4 0 0 11 
6 0 3 0 0 
12 4 8 307 1 
0 0 5 0 1 
5 0 42 1 22 
12 0 24 0 0 
19 1 6 0 91 
5 0 1 0 1 
1 1 0 0 40 
4 0 8 0 11 
0 0 10 0 0 
5 0 0 0 37 
5 0 11 0 6 
3 0 13 0 5 
5 0 0 0 2 
2 0 9 0 0 
0 0 0 0 12 
9 2 7 36 20 
4 0 8 0 5 
5 1 7 0 0 
0 0 15 0 4 
9 0 2 0 0 
1 0 38 0 1 
3 0 17 0 4 
16 0 69 0 13 
12 0 3 0 19 
19 1 99 1 21 
1 0 15 1 5 
12 1 25 0 10 
12 2 14 0 8 
12 0 31 13 24 
1 0 15 3 3 
7 0 2 0 0 
1 0 7 0 6 
5 0 13 0 0 
0 0 8 0 0 
11 0 4 0 1 
3 0 28 0 4 
0 0 0 0 5 
10 0 65 0 6 
25 0 0 0 0 
42 0 24 0 39 
0 0 0 0 10 
0 0 0 7 0 
2 0 2 0 5 
36 0 1 0 0 
1 0 14 0 0 
12 13 12 0 1 
5 0 4 0 9 
0 0 5 0 0 
126 11 156 0 145 
2 0 0 0 12 
1 0 37 1 4 
8 0 14 2 14 
2 0 7 11 1 
5 1 2 1 5 
1 0 6 0 0 
9 0 63 0 25 
3 0 17 0 4 
1 3 15 0 14 
6 0 0 0 0 
5 0 0 0 0 
13 0 32 2 37 
3 0 5 0 1 
12 0 31 4 3 
7 0 10 0 5 
42 0 5 0 88 
0 0 0 0 41 
6 1 15 0 1 
21 3 25 0 37 
9 0 0 0 0 
2 0 0 0 8 
128 4 67 0 46 
51 4 29 0 3 
5 0 1 0 6 
4 0 8 0 2 
1 0 5 0 0 
15 1 8 0 21 
45 1 0 0 6 
46 1 62 13 39 
24 0 2 0 153 
2 0 0 0 11 
5 0 4 0 3 
5 0 0 0 1 
7 0 20 1 11 
21 0 1 0 0 
8 0 0 0 2 
241 7 143 0 1103 
0 0 0 0 25 
50 4 152 28 88 
5 0 19 0 8 
1 0 22 0 35 
1 0 10 1 2 
5 0 1 0 4 
25 0 34 0 3 
0 0 28 0 13 
11 1 14 0 20 
6 0 6 0 6 
81 0 45 0 34 
5 0 1 0 5 
31 1 46 0 65 
8 0 0 0 8 
6 0 4 0 1 
8 0 8 0 7 
21 0 3 0 9 
10 0 5 0 4 
2 0 0 0 10 
4 1 7 0 1 
6 0 6 1 4 
10 1 0 7 0 
30 1 46 0 34 
26 0 2 0 0 
0 0 0 6 0 
19 0 0 0 0 
24 0 20 0 14 
7 0 5 0 10 
4 0 0 0 12 
2 0 2 0 5 
2 0 14 0 1 
0 0 5 0 0 
4 0 25 1 93 
119 0 32 0 5 
22 0 0 0 2 
26 1 9 0 39 
0 0 18 0 1 
4 0 3 0 5 
2 0 7 0 0 
0 0 2 18 3 
48 18 125 20 74 
17 0 22 0 17 
13 0 2 0 0 
0 0 0 0 5 
4 0 10 0 2 
21 40 60 0 6 
2 0 19 0 10 
5 0 5 1 9 
12 1 18 0 5 
5 0 18 0 7 
1 0 5 0 1 
2 0 5 5 15 
71 2 73 0 25 
1 6 3 0 0 
2 1 13 0 26 
152 0 43 0 9 
0 0 5 0 0 
7 0 4 2 7 
26 1 25 6 17 
7 0 22 0 3 
2 0 21 0 2 
14 1 7 0 1 
13 0 35 0 35 
23 0 12 1 12 
17 0 48 1 24 
9 0 0 0 0 
1 0 3 0 8 
16 4 127 0 16 
2 0 0 0 46 
2 0 5 0 4 
1 0 5 0 0 
10 0 11 0 2 
3 0 27 0 0 
6 0 0 0 7 
10 0 33 2 19 
2 0 7 1 4 
43 6 70 0 106 
9 0 32 0 39 
4 0 21 0 81 
19 0 29 0 33 
7 0 64 1 27 
5 0 13 1 14 
0 0 7 0 3 
7 0 3 0 5 
6 0 0 0 3 
2 0 5 0 0 
7 0 2 0 0 
0 0 20 0 3 
2 0 1 0 22 
44 29 106 0 103 
1 0 11 0 0 
5 0 2 0 0 
1 0 18 0 2 
16 1 22 0 19 
20 0 1 0 12 
49 1 17 1 73 
7 0 12 0 0 
8 0 0 0 0 
2 0 0 0 6 
2 0 9 2 15 
33 0 5 9 3 
65 5 80 15 56 
15 1 15 0 1 
6 0 5 0 1 
1 0 7 0 0 
5 0 0 0 5 
0 0 8 0 0 
1 0 8 0 0 
12 0 2 1 1 
8 0 0 0 0 
3 0 0 0 17 
7 0 1 0 0 
31 10 9 0 62 
0 0 2 0 7 
0 0 0 0 57 
3 0 0 0 28 
9 23 2 11 0 
2 0 0 6 0 
6 0 0 0 1 
0 0 0 7 0 
2 0 10 5 1 
2 0 0 0 5 
0 0 1 13 0 
0 0 2 0 6 
0 0 0 0 8 
0 0 5 2 0 
6 0 3 0 0 
17 0 0 0 0 
5 0 0 0 1 
0 0 0 8 0 
0 0 6 0 2 
1 0 19 0 0 
413 56 754 0 988 
0 0 8 0 0 
17 1 0 0 6 
0 1 0 0 10 
14 1 3 0 4 
1 0 0 0 6 
1 0 20 0 4 
0 0 5 0 1 
16 0 1 0 2 
1 0 16 0 3 
4 0 21 0 58 
7 0 8 1 12 
6 0 0 0 1 
9 0 18 0 36 
27 3 187 0 15 
0 0 11 0 4 
0 1 12 0 0 
6 0 10 0 5 
0 0 9 0 0 
0 0 9 0 0 
0 0 8 0 0 
0 0 9 0 0 
0 0 6 0 0 
0 0 6 2 1 
0 0 7 0 1 
0 0 6 0 0 
0 0 5 0 1 
4 1 7 0 12 
4 0 4 5 3 
0 0 47 4 0 
2 0 5 0 6 
0 0 1 5 0 
0 0 8 0 1 
0 0 5 0 0 
9 2 2 0 5 
0 0 7 1 0 
0 0 47 0 0 
0 0 11 1 0 
0 0 8 0 2 
3 0 4 0 5 
0 0 5 0 14 
0 0 6 0 8 
29 0 3 0 2 
1 0 0 0 7 
0 0 1 0 5 
0 0 1 0 10 
20 0 38 0 14 
10 0 19 0 16 
0 0 8 2 3 
7 0 0 0 0 
0 0 13 0 0 
4 0 11 0 3 
0 0 47 0 0 
0 0 5 0 0 
14 1 16 0 4 
66 0 83 0 0 
21 0 24 0 12 
0 0 8 0 0 
1 0 0 0 136 
7 0 35 0 5 
0 0 7 4 1 
8 0 6 0 8 
0 0 0 0 8 
0 0 0 0 5 
0 0 0 0 10 
0 0 0 0 5 
0 0 0 0 15 
0 0 0 0 16 
0 0 0 0 48 
0 0 0 0 10 
0 0 0 0 5 
0 0 0 0 10 
0 0 0 0 7 
0 0 0 0 6 
0 0 0 0 8 
0 0 0 0 9 
0 0 0 0 12 
0 0 0 1 27 
0 0 0 14 0 
0 0 0 64 0 
0 0 0 5 0 
0 0 0 12 0 
0 0 0 6 0 
0 0 0 11 0 
0 0 0 0 18 
0 0 0 6 0 
0 0 0 5 0 
2 0 0 0 5 
9 0 3 5 0 
0 0 5 0 0 
3 0 2 0 5 
7 0 0 0 0 
0 0 2 0 20 
4 1 88 0 2 
1 0 10 0 0 
12 0 8 1 0 
2 0 20 0 7 
2 0 14 0 10 
5 0 1 15 0 
13 0 0 0 0 
15 0 0 0 0 
1 0 1 13 7 
5 0 4 0 2 
40 0 55 3 9 
53 0 21 0 43 
18 0 0 0 0 
11 0 47 1 12 
0 0 0 0 11 
8 1 30 33 21 
2 0 14 0 0 
2 0 2 0 5 
10 0 1 0 0 
8 1 11 0 10 
11 0 11 0 28 
3 0 10 0 44 
14 0 1 19 3 
21 0 92 15 4 
3 2 34 0 1 
2 0 11 0 1 
0 0 0 0 5 
10 9 4 0 0 
9 0 19 0 8 
5 8 1 0 0 
42 18 95 11 44 
5 0 0 0 0 
16 0 2 0 0 
1 0 0 9 0 
25 0 0 0 0 
2 0 15 0 3 
2 0 0 0 5 
8 0 2 0 0 
6 1 53 23 23 
9 0 7 0 19 
5 0 1 0 1 
90 0 4 0 4 
1 2 9 0 5 
4 0 308 0 3 
2 0 0 7 4 
0 0 36 0 0 
158 4 783 0 4 
1 0 0 0 6 
59 2 97 1 52 
16 0 4 0 0 
92 9 96 11 59 
5 0 0 1 2 
0 0 7 0 0 
12 1 88 6 48 
16 4 39 0 14 
3 0 0 10 2 
129 3 143 0 112 
2 0 6 0 2 
0 0 0 103 1 
9 4 0 0 27 
40 0 0 0 0 
5 0 64 1 4 
0 0 12 1 0 
0 0 9 0 0 
4 0 9 0 4 
0 0 7 0 10 
64 9 423 0 44 
7 2 48 0 8 
0 1 17 0 0 
0 0 0 9 0 
18 2 35 2 45 
4 0 6 0 0 
0 0 0 0 10 
0 0 0 0 7 
1 0 0 0 6 
32 0 9 0 49 
12 1 33 0 15 
1 0 9 0 3 
18 0 0 0 0 
8 9 0 0 4 
11 9 21 10 1 
5 0 55 0 1 
1 0 0 0 9 
13 0 14 1 98 
0 1 0 0 125 
5 0 13 0 0 
13 1 64 0 87 
13 1 92 7 8 
19 0 136 4 62 
6 1 2 0 7 
7 1 29 2 13 
24 2 76 1 14 
51 4 146 0 3 
28 3 58 2 38 
6 1 13 0 12 
8 0 0 0 0 
6 1 7 0 54 
6 0 10 0 10 
0 1 27 3 13 
8 0 27 10 1 
118 0 80 0 116 
1 0 0 8 7 
31 0 41 0 23 
0 0 5 0 0 
10 0 45 1 2 
3 0 0 0 22 
7 1 27 20 2 
0 9 0 0 1 
0 0 0 7 0 
6 0 6 1 1 
4 0 0 0 9 
2 0 3 25 13 
0 0 4 8 1 
5 0 8 0 0 
12 0 35 0 23 
32 1 12 0 17 
12 0 44 0 0 
0 0 9 0 1 
13 0 0 0 0 
3 0 35 0 0 
9 0 0 0 0 
0 0 0 9 0 
37 1 15 1 239 
5 0 10 0 16 
2 0 1 0 5 
15 0 0 0 0 
0 0 0 0 8 
0 0 5 0 0 
8 0 6 5 11 
0 0 9 0 0 
49 0 27 0 42 
2 0 10 0 75 
1 0 5 0 0 
0 0 14 0 0 
0 0 7 0 0 
1 0 34 0 0 
1 0 48 0 1 
0 0 42 0 2 
0 0 8 0 0 
22 1 23 0 18 
0 0 1 0 6 
0 0 6 0 0 
0 0 7 0 57 
0 0 0 6 0 
0 0 10 0 0 
0 0 9 0 0 
1 0 0 6 0 
11 3 13 2 37 
0 0 5 0 0 
0 0 6 0 0 
2 0 7 40 17 
0 0 0 24 0 
0 1 22 16 1 
0 0 0 10 0 
9 4 0 0 5 
0 0 0 13 0 
0 0 0 0 6 
0 0 0 0 5 
0 0 0 0 6 
0 0 0 0 15 
0 0 0 0 8 
0 0 0 0 5 
0 0 0 0 48 
0 0 0 0 86 
0 0 0 0 26 
0 0 0 0 7 
0 0 0 0 5 
0 0 0 0 34 
0 0 0 0 9 
0 0 0 0 5 
0 0 0 0 12 
0 0 0 0 6 
0 0 0 0 14 
0 0 0 0 20 
0 0 0 0 6 
0 0 0 0 7 
0 0 0 0 461 
0 0 0 0 14 
0 0 0 0 5 
0 0 0 12 0 
0 0 0 7 0 
2 0 18 0 6 
0 0 0 0 22 
0 0 5 0 0 
6 1 2 0 3 
17 2 62 1 25 
0 0 0 0 53 
0 0 6 0 0 
7 0 11 0 2 
1 0 37 0 5 
3 0 0 0 6 
0 0 6 0 0 
1 0 6 0 0 
1 0 0 5 2 
1 0 8 0 0 
6 1 289 0 0 
10 3 97 0 1 
2 7 5 0 0 
9 0 1 0 1 
1 0 8 0 1 
5 1 7 0 9 
1 0 10 0 0 
1 0 2 0 7 
0 0 0 11 0 
5 0 4 0 10 
4 0 21 0 19 
11 0 1 0 5 
5 0 3 0 8 
6 0 0 0 0 
1 0 22 0 0 
4 1 13 0 8 
9 1 0 0 0 
3 0 5 0 2 
5 0 20 0 0 
30 0 0 0 0 
1 0 65 0 17 
5 0 10 0 1 
7 0 0 0 0 
6 0 16 46 0 
5 0 2 0 2 
0 0 6 0 0 
4 0 7 0 25 
5 0 38 6 4 
0 0 36 0 0 
0 0 5 0 1 
7 0 0 0 0 
0 0 5 0 0 
1 0 10 0 0 
31 0 0 0 0 
9 0 1 0 0 
3 0 26 0 0 
8 0 0 0 20 
0 0 6 0 0 
21 0 19 0 8 
5 0 0 0 0 
21 10 0 0 72 
8 0 9 0 12 
7 1 34 0 8 
11 0 2 0 2 
29 2 8 0 25 
6 0 17 0 5 
9 1 0 0 0 
3 0 2 7 4 
235 0 553 2 9 
1 0 16 0 1 
10 0 0 0 1 
18 0 5 0 4 
106 0 30 1 52 
6 0 9 0 5 
7 2 5 0 11 
14 0 43 0 9 
40 0 0 0 0 
1 0 6 16 0 
23 1 56 0 17 
34 1 43 0 12 
5 0 0 0 0 
8 0 0 0 0 
1 0 3 0 6 
10 0 0 0 7 
0 0 0 5 0 
0 0 16 0 1 
10 1 37 0 15 
91 3 0 0 55 
5 0 0 0 0 
17 1 10 0 31 
72 1 124 0 101 
76 0 11 0 2 
1 0 16 0 5 
24 0 7 0 17 
1 0 5 0 3 
2 0 32 0 13 
29 0 15 0 11 
3 0 4 13 0 
29 2 1 0 1 
16 2 50 1 1 
0 0 0 0 6 
13 0 20 37 19 
1 0 7 0 3 
17 0 11 0 2 
9 1 2 0 3 
1 0 0 0 124 
0 0 0 0 40 
0 0 2 0 8 
31 0 30 1 38 
13 1 2 1 4 
9 0 1 0 0 
37 0 101 0 58 
8 0 0 0 3 
0 0 0 8 0 
4 0 143 0 0 
2 0 42 0 0 
26 2 72 1 5 
8 0 0 0 0 
11 0 14 0 79 
12 0 22 0 9 
5 0 8 0 342 
2 0 0 1 14 
0 25 0 0 0 
3 0 3 1 656 
0 0 1 8 2 
9 0 0 0 0 
8 1 2 0 0 
2 0 12 0 3 
2 0 2 0 13 
27 0 7 0 16 
1 0 7 0 11 
11 3 5 0 4 
157 0 319 4 40 
123 106 5 1 630 
38 2 45 0 9 
9 0 0 0 0 
7 0 15 0 1 
13 0 7 0 0 
1391 81 705 0 1132 
18 1 19 0 10 
8 0 0 0 2 
31 2 64 0 38 
4 0 0 0 70 
52 0 0 0 0 
1 0 1 0 10 
9 0 0 0 1 
23 1 53 0 27 
2 1 4 4 16 
8 0 1 0 0 
1 0 6 2 2 
0 0 6 0 0 
4 0 5 0 4 
59 0 11 0 51 
24 0 11 2 7 
0 0 7 0 0 
4 3 203 0 15 
0 0 1 0 13 
34 4 336 0 9 
19 0 13 0 13 
30 0 0 0 0 
0 0 2 5 12 
3 5 27 0 6 
34 1 65 0 16 
65 3 7 0 22 
185 1 2 0 127 
1 0 8 0 1 
1 0 0 0 15 
0 0 0 6 0 
12 0 27 0 15 
0 0 4 0 5 
6 1 0 0 3 
37 10 7 0 4 
0 0 36 0 0 
7 0 28 0 4 
27 5 6 0 37 
0 0 0 12 9 
5 0 0 0 0 
5 0 1 0 4 
2 0 1 9 3 
7 0 0 0 1 
20 0 17 0 22 
43 0 96 0 4 
40 6 331 0 48 
1 0 6 0 6 
37 1 9 1 40 
1 0 1 0 6 
6 0 0 0 0 
19 0 0 0 25 
26 0 0 0 0 
0 0 0 12 0 
17 0 15 0 0 
5 0 5 0 0 
0 0 5 0 0 
4 1 8 0 3 
7 0 4 0 0 
2 0 8 0 49 
4 0 0 0 7 
0 0 6 0 0 
39 0 1 0 16 
3 0 2 0 11 
16 0 0 0 2 
1 0 2 0 7 
7 0 0 0 0 
13 0 3 0 5 
1 1 55 0 5 
9 1 4 0 11 
0 33 1 0 0 
1 0 0 0 16 
93 26 1 0 499 
11 1 32 0 24 
2 0 15 2 5 
6 0 58 12 3 
15 0 21 0 25 
6 0 0 0 2 
0 0 11 0 0 
2 0 6 1 1 
5 2 25 4 0 
0 0 0 0 6 
15 0 1 0 0 
30 0 0 0 1 
0 1 12 0 2 
7 0 16 0 8 
3 0 38 0 14 
11 5 6 1 0 
6 0 0 0 0 
12 0 0 0 34 
24 0 14 0 112 
0 0 0 6 0 
19 0 1 0 0 
6 3 16 0 6 
11 0 19 0 3 
7 2 45 0 0 
1 0 12 0 0 
19 0 68 2 21 
13 0 0 0 27 
0 0 0 0 21 
2 0 0 10 0 
1 0 0 0 20 
1 0 38 0 1 
8 2 36 0 1 
0 0 6 0 0 
25 3 61 0 5 
1 0 0 19 0 
14 0 0 0 8 
112 2 7 0 1 
1 0 0 0 5 
1 0 82 0 0 
0 0 0 0 144 
1 0 125 0 3 
6 0 0 0 0 
0 0 5 0 0 
7 0 0 0 7 
10 0 6 2 3 
1 0 2 0 5 
0 0 0 5 0 
1 0 48 0 2 
0 0 2 5 0 
0 0 2 0 9 
0 0 5 0 4 
0 0 1 0 5 
0 0 0 0 5 
0 0 9 0 3 
0 0 9 0 2 
0 0 0 14 0 
0 0 9 0 1 
0 0 3 5 0 
25 2 49 2 17 
0 0 5 0 0 
140 1 2 0 59 
13 15 48 0 10 
0 0 8 0 0 
18 0 7 1 5 
0 0 13 0 0 
0 0 6 0 0 
0 0 5 0 0 
8 1 0 0 17 
0 0 5 0 0 
0 0 41 0 3 
0 0 19 0 0 
0 0 28 0 0 
0 0 17 0 0 
10 0 0 0 0 
0 0 4 4 16 
0 0 1 5 0 
0 0 0 0 7 
0 0 5 0 0 
1 0 13 0 0 
8 1 48 0 17 
6 0 3 91 1 
0 0 0 11 0 
0 0 2 0 5 
0 0 9 0 0 
6 2 5 0 6 
4 0 5 0 2 
0 0 6 0 0 
0 0 0 8 0 
10 0 0 0 0 
88 0 1 0 49 
0 0 13 0 0 
0 0 5 0 1 
28 0 29 0 76 
0 0 0 5 0 
0 0 1 11 8 
14 0 5 0 5 
0 0 2 29 0 
0 0 0 0 256 
78 21 325 0 5 
1 0 0 5 0 
16 1 45 0 5 
0 0 41 0 1 
1 0 0 0 40 
0 0 0 19 0 
0 0 0 10 0 
17 0 7 1 20 
0 0 0 7 0 
0 0 5 0 0 
0 0 6 0 1 
0 0 0 0 5 
0 0 0 0 13 
0 0 0 0 29 
0 0 0 0 10 
0 0 0 0 5 
0 0 0 0 5 
0 0 0 0 5 
0 0 0 0 6 
0 0 0 24 0 
0 0 0 11 0 
0 0 0 5 2 
0 0 0 6 0 
0 0 13 0 0 
0 0 4 0 13 
0 0 5 0 0 
0 0 5 0 0 
0 0 0 0 8 
0 0 1 0 9 
0 0 5 0 0 
0 0 19 0 0 
0 0 6 0 0 
0 0 2 0 12 
0 0 18 0 0 
0 0 20 0 0 
0 0 25 0 2 
0 0 6 0 2 
0 0 52 0 0 
0 0 14 0 0 
0 6 0 0 17 
1 0 7 0 2 
2 0 6 0 2 
10 5 24 0 1 
7 0 0 0 0 
3 0 5 0 0 
4 0 4 0 27 
7 0 12 0 4 
15 0 34 0 2 
5 0 1 0 3 
2 1 8 0 1 
1 1 6 0 39 
21 0 30 0 30 
2 0 7 0 0 
1 0 9 0 0 
0 0 7 1 0 
0 0 25 0 0 
12 0 15 0 11 
2 0 5 0 2 
24 0 4 0 10 
5 0 0 0 0 
13 0 14 0 11 
3 0 6 0 1 
3 0 7 0 0 
18 0 4 0 2 
30 0 3 0 22 
2 0 0 0 10 
5 0 9 0 3 
3 0 5 0 2 
13 0 27 0 6 
2 0 12 3 9 
6 0 4 0 2 
7 1 7 0 1 
19 0 0 0 0 
10 0 29 0 12 
1 0 6 0 4 
2 2 0 0 7 
1 0 5 0 0 
0 0 0 35 0 
8 0 14 0 32 
3 0 13 0 2 
14 0 1 0 0 
0 0 0 0 15 
24 0 16 1 18 
6 0 0 0 4 
15 0 0 0 15 
19 1 10 0 2 
7 0 0 0 0 
1 0 4 0 31 
2 0 8 0 16 
23 0 27 0 5 
9 0 6 0 54 
9 2 18 0 9 
20 2 9 1 31 
4 0 13 0 4 
6 0 13 0 7 
12 8 32 0 24 
4 0 40 0 28 
22 1 23 0 144 
7 0 0 0 0 
14 2 223 0 19 
12 0 22 1 45 
13 0 1 0 2 
3 9 6 0 3 
69 0 18 0 14 
1 0 4 0 5 
21 0 11 1 11 
6 0 0 0 2 
6 0 1 0 0 
54 5 0 0 149 
5 0 2 0 3 
0 0 0 0 5 
38 0 0 0 0 
5 0 1 0 19 
3 0 10 0 0 
414 20 281 0 1198 
0 0 8 0 0 
10 0 0 1 1 
5 1 5 0 9 
3 0 5 1 4 
9 1 0 0 13 
1 0 5 0 0 
6 1 30 0 6 
10 0 3 0 0 
11 1 39 0 11 
4 10 30 0 13 
7 0 12 0 39 
19 1 5 0 3 
0 0 5 0 0 
11 0 11 0 0 
27 0 53 0 91 
0 0 1 0 124 
8 0 0 0 0 
43 1 50 2 6 
64 2 58 0 65 
5 0 8 0 0 
0 0 0 0 6 
1 0 5 0 1 
0 0 7 0 9 
8 0 5 0 14 
0 1 3 0 337 
5 7 0 0 7 
31 0 6 0 1 
17 0 10 0 19 
3 3 90 4 12 
3 0 4 0 7 
2 0 5 0 0 
38 1 0 0 64 
139 5 53 0 306 
16 0 2 0 0 
148 6 82 0 19 
61 2 64 0 65 
9 0 0 0 0 
12 2 5 0 10 
9 0 1 0 4 
15 0 0 0 2 
9 1 5 0 14 
14 4 19 0 14 
29 0 18 1 22 
523 2 51 38 4 
23 0 1 0 1 
21 1 90 0 38 
30 0 18 1 19 
11 1 1 0 22 
8 4 11 0 3 
1 0 0 1 6 
1 0 7 1 5 
6 0 14 0 1 
0 0 0 5 0 
11 1 26 0 1 
46 0 30 0 19 
5 0 1 1 1 
6 0 0 0 0 
0 0 6 0 1 
5 0 8 0 13 
0 0 0 0 15 
11 1 34 0 33 
3 1 6 0 1 
27 0 170 0 15 
1 0 9 0 1 
11 0 2 0 0 
5 0 0 0 0 
6 0 0 0 0 
28 0 2 0 3 
5 1 8 0 1 
64 0 51 0 98 
2 0 48 0 3 
41 0 0 0 0 
32 2 37 0 29 
0 0 13 0 0 
2 0 7 0 0 
6 2 6 0 8 
0 0 14 0 0 
13 0 31 0 4 
23 1 32 0 30 
36 0 16 0 25 
16 0 9 0 4 
25 0 9 0 2 
6 0 0 0 0 
21 0 3 0 13 
15 0 34 1 27 
13 2 27 0 17 
139 0 20 10 4 
15 2 7 2 27 
6 0 0 0 0 
37 0 3 1 7 
65 0 7 1 39 
21 1 39 0 14 
8 2 16 0 7 
11 0 10 0 1 
4 0 131 0 0 
3 0 41 0 1 
22 0 0 0 0 
11 0 45 0 0 
3 8 0 0 0 
5 0 3 1 0 
3 0 3 7 4 
4 0 17 0 2 
18 0 11 0 34 
1 0 0 0 6 
8 0 9 0 0 
1 0 21 1 1 
2 0 10 0 3 
5 0 1 0 0 
4 0 2 0 12 
0 0 0 0 9 
16 0 16 0 13 
1 0 26 0 18 
24 0 0 0 0 
2 6 42 0 0 
1 0 3 0 33 
14 1 28 0 5 
1 0 0 0 7 
35 0 26 0 5 
8 0 1 0 19 
6 0 36 0 1 
1 0 16 0 8 
12 0 23 0 0 
1 0 11 0 2 
1 0 5 0 0 
10 0 0 0 4 
0 0 0 0 29 
146 0 254 0 170 
2 0 12 0 1 
2 0 4 15 28 
7 0 1 0 0 
15 0 0 0 4 
2 0 4 0 8 
5 0 2 0 1 
9 0 17 0 4 
3 0 2 0 5 
2 0 7 0 2 
4 2 19 0 2 
10 1 45 0 11 
19 0 5 0 3 
0 0 11 0 16 
2 0 8 1 8 
90 0 23 0 14 
1 0 14 0 5 
6 1 35 0 2 
0 0 37 0 0 
0 1 11 0 3 
6 0 5 0 19 
0 0 7 0 0 
2 0 7 0 11 
3 11 4 0 2 
49 0 0 0 0 
6 0 1 0 0 
1 1 7 0 1 
0 0 0 0 13 
1 0 5 0 0 
1 0 13 0 15 
11 2 29 0 7 
1 0 9 0 3 
0 0 0 0 12 
2 0 0 0 53 
8 0 39 0 8 
5 0 0 0 12 
1 0 7 0 0 
1 0 21 2 0 
9 0 15 0 49 
1 0 0 0 5 
0 0 0 0 26 
5 2 0 63 365 
0 0 0 0 201 
0 0 0 0 7 
0 0 0 0 10 
0 0 0 0 5 
0 0 0 0 6 
0 0 0 0 12 
0 0 0 0 5 
0 0 0 0 7 
0 0 0 1 14 
0 0 0 5 0 
0 0 0 6 0 
0 0 0 9 0 
0 0 0 5 0 
0 0 0 8 0 
0 0 0 15 0 
0 0 0 0 10 
0 0 0 5 0 
0 0 0 8 0 
0 0 0 5 0 
0 0 0 41 0 
0 0 0 198 0 
0 0 0 7 0 
0 0 0 9 0 
0 0 1 18 0 
0 0 6 0 0 
0 0 0 13 0 
0 0 13 0 0 
0 0 2 0 8 
0 0 0 167 0 
0 0 0 0 6 
0 0 2 5 0 
0 0 42 0 0 
3 0 10 2 11 
11 0 0 0 29 
2 0 48 0 8 
7 0 2 3 2 
0 0 0 7 0 
8 0 0 0 0 
7 0 3 1 0 
0 0 0 8 0 
3 0 0 0 5 
8 0 1 0 0 
0 0 0 7 0 
12 0 0 0 276 
14 1 111 8 10 
6 0 0 0 0 
2 0 0 2 66 
5 0 276 0 0 
6 0 1 0 5 
3 0 5 5 1 
19 0 4 0 8 
21 2 6 0 33 
5 0 191 0 1 
0 0 0 13 0 
6 0 5 0 1 
8 1 2 0 1 
5 0 0 0 0 
25 0 5 4 34 
5 0 26 43 0 
2 0 6 0 1 
4 0 0 0 47 
1 0 20 0 2 
32 0 24 0 0 
11 0 0 0 0 
1 0 20 0 6 
0 0 8 0 0 
20 6 163 0 5 
5 0 0 1 0 
5 0 0 1 0 
93 0 0 0 0 
0 0 3 7 8 
0 0 0 1 10 
6 0 43 0 2 
3 0 1 9 3 
10 0 57 0 7 
454 4 226 1 221 
9 0 0 0 2 
0 0 2 15 0 
2 1 25 0 8 
0 0 32 0 0 
0 0 41 0 0 
0 0 5 0 1 
0 0 13 0 0 
1 1 14 2 1 
3 0 3 3 12 
18 0 0 2 8 
13 8 21 0 5 
7 0 0 0 0 
6 0 0 0 0 
43 4 26 0 18 
32 0 43 8 38 
7 0 1 1 6 
2 3 1 5 0 
1 5 1 0 41 
8 1 4 6 15 
10 0 1 0 5 
3 0 24 1 6 
0 0 0 0 5 
8 0 0 0 0 
37 1 0 0 6 
11 0 0 12 9 
20 2 23 6 662 
5 0 13 0 2 
19 0 17 0 3 
0 0 0 6 0 
19 0 1 0 4 
5 0 0 0 0 
6 0 19 12 12 
6 0 78 3 21 
14 0 0 0 0 
17 0 61 0 0 
7 0 0 0 0 
5 0 0 0 0 
1 0 0 0 31 
17 0 1 6 2 
3 3 0 0 7 
3 0 5 0 0 
0 0 0 6 0 
12 0 7 1 28 
66 0 118 0 75 
35 1 8 0 0 
20 0 0 0 0 
5 0 0 0 1 
6 1 27 2 7 
80 0 36 0 119 
7 0 0 0 0 
16 0 7 3 24 
5 0 8 1 5 
3 1 2 11 0 
10 0 0 0 2 
38 3 110 0 82 
1 0 61 0 2 
2 0 4 5 1 
5 1 0 0 3 
22 0 0 0 0 
7 0 0 0 0 
0 0 5 0 0 
3 0 15 3 4 
0 0 0 0 5 
64 0 10 1 65 
20 0 25 3 27 
16 0 0 1 0 
9 0 0 0 0 
3 0 6 1 6 
6 0 0 0 0 
1 0 0 5 0 
1 0 29 0 0 
3 0 0 1 12 
20 0 2 1 0 
11 0 4 0 2 
1 0 0 0 6 
2 0 46 0 2 
53 0 58 5 230 
0 0 0 0 120 
3 3 0 0 15 
12 0 111 0 0 
1 0 0 10 0 
20 0 2 7 0 
1 0 20 1 4 
0 0 0 0 8 
6 0 0 0 0 
0 0 6 0 1 
1 0 2 0 162 
6 2 21 2 1415 
1 0 8 0 0 
39 0 20 0 28 
1 0 5 1 2 
8 0 0 0 0 
0 0 135 0 0 
9 0 2 0 3 
5 0 3 0 0 
0 0 0 33 0 
0 0 7 12 1 
0 0 7 0 0 
0 0 6 0 0 
0 0 9 1 0 
0 0 0 0 5 
0 0 65 0 0 
0 0 3 11 0 
0 0 24 0 0 
0 0 7 0 0 
0 0 22 0 0 
14 0 0 0 32 
22 0 258 0 0 
0 0 5 0 0 
0 0 0 17 0 
1 0 0 6 0 
0 0 5 0 0 
0 0 14 4 0 
0 0 2 6 5 
0 0 7 0 0 
4 0 19 0 0 
23 2 56 0 12 
0 0 0 0 5 
0 0 0 0 9 
0 0 0 0 6 
0 0 0 0 6 
0 0 0 0 42 
0 0 0 0 14 
0 0 0 0 15 
0 0 0 0 122 
0 0 0 0 20 
0 0 0 0 63 
0 0 0 0 77 
0 0 0 0 8 
0 0 0 0 23 
0 0 0 0 5 
0 0 0 0 9 
0 0 0 0 7 
0 0 0 0 8 
17 0 33 0 13 
1 0 5 2 0 
24 4 37 0 10 
1 1 0 1 6 
1 0 5 0 0 
2 0 13 0 0 
2 0 5 0 0 
1 0 0 0 8 
0 1 5 0 1 
0 0 5 0 0 
0 1 32 0 0 
1 0 0 11 3 
2 0 0 0 10 
0 0 0 35 0 
13 1 13 0 26 
2 1 32 0 0 
3 0 10 0 0 
3 0 15 0 15 
5 0 6 0 0 
90 5 383 0 207 
4 0 6 0 0 
1 0 31 0 2 
1 0 43 0 0 
3 0 2 1 5 
3 0 5 0 0 
10 0 0 0 0 
3 0 9 0 0 
3 0 12 0 0 
15 0 2 0 12 
0 0 1 0 14 
3 0 0 13 0 
2 0 15 0 0 
8 1 13 0 6 
16 0 25 15 2 
0 0 11 0 2 
12 0 2 0 20 
4 0 8 0 54 
1 0 9 2 5 
7 0 0 0 1 
8 4 57 0 77 
37 0 0 0 0 
196 0 0 0 5 
8 0 0 0 0 
0 0 0 0 13 
1 0 7 0 0 
7 0 0 0 0 
15 0 11 0 5 
1 0 13 1 1 
8 0 0 0 0 
61 41 163 3 39 
30 0 0 0 6 
8 0 1 0 2 
6 0 0 0 4 
7 0 2 0 11 
4 1 1 0 7 
1 0 10 0 0 
79 6 127 1 64 
0 0 0 7 0 
2 0 57 0 4 
2 1 7 0 8 
5 0 1 0 2 
1 0 6 0 2 
24 8 20 4 190 
0 0 8 0 0 
8 0 25 0 42 
102 0 46 1 96 
76 77 345 0 53 
17 1 0 0 10 
1 0 0 0 16 
1 0 5 0 0 
0 0 5 0 0 
16 0 0 0 1 
35 0 7 0 9 
1 0 8 0 0 
15 0 13 0 0 
1 0 16 0 0 
20 0 20 3 10 
5 0 0 0 0 
19 0 1 0 5 
23 1 40 0 11 
83 0 29 0 10 
10 0 73 0 0 
0 0 0 0 8 
15 0 39 0 6 
8 0 5 0 14 
4 1 34 2 8 
0 0 2 0 5 
6 0 47 0 5 
1 0 0 0 29 
7 0 5 0 6 
33 0 15 0 0 
4 0 7 0 28 
16 0 20 0 16 
0 0 0 0 6 
12 0 96 1 2 
2 0 12 0 0 
25 4 12 0 4 
37 1 4 0 0 
719 9 7 0 0 
39 1 22 0 28 
14 0 109 0 0 
11 0 0 12 0 
34 3 10 1 98 
19 1 32 6 23 
2 0 0 0 7 
14 0 2 0 19 
1 0 0 0 27 
1 0 7 0 0 
54 0 34 11 25 
85 0 258 0 48 
6 1 28 0 11 
4 0 26 0 0 
1 0 3 0 5 
15 2 33 0 30 
22 0 9 0 10 
8 0 0 0 0 
0 0 0 0 10 
3 0 3 5 4 
9 0 7 7 7 
51 0 48 0 33 
56 1 0 0 0 
0 0 0 0 7 
3 0 0 6 0 
131 13 326 0 176 
19 1 0 0 3 
0 0 0 2 7 
8 0 27 0 32 
0 0 0 5 0 
1 1 8 2 2 
11 0 0 0 0 
36 1 2 0 0 
5 0 3 0 0 
21 0 72 0 8 
23 0 45 0 68 
27 0 13 0 27 
8 1 97 1 0 
43 0 0 0 0 
2 0 6 0 1 
39 0 2 0 1 
18 2 38 0 2 
0 0 6 0 0 
26 0 3 0 0 
9 4 17 0 1 
31 0 0 0 0 
12 0 0 0 0 
0 0 0 0 6 
27 1 5 0 6 
2 0 0 0 33 
27 1 325 0 70 
72 5 226 0 260 
11 0 0 0 0 
2 0 0 0 10 
6 0 3 1 10 
2 1 74 0 0 
1 0 19 0 0 
7 0 0 3 1 
7 1 16 0 5 
19 2 1 0 1 
5 0 0 4 0 
17 0 0 0 31 
1 0 0 5 0 
3 0 0 8 0 
7 0 22 0 14 
0 0 0 5 0 
1 0 3 0 6 
9 0 47 0 2 
6 0 1 0 1 
8 0 35 0 0 
1 5 0 0 29 
46 2 1 0 32 
1 0 10 0 3 
16 0 0 0 0 
0 0 0 5 0 
26 0 5 1 17 
2 0 5 0 1 
5 0 17 8 2 
21 0 35 0 7 
6 1 8 0 0 
12 0 52 0 0 
0 0 0 25 0 
1 0 9 0 1 
14 1 1 0 0 
42 2 11 0 34 
0 0 0 8 0 
3 0 7 0 2 
1 0 9 0 0 
13 0 1 0 4 
0 1 4 0 37 
8 0 0 0 0 
5 0 3 0 5 
4 0 7 0 0 
13 0 8 2 0 
1 0 7 0 0 
0 0 5 0 0 
10 0 15 0 1 
6 0 0 0 5 
6 1 7 0 1 
2 0 0 6 0 
5 3 34 0 0 
1 0 0 0 9 
0 0 16 0 1 
1 1 0 0 7 
0 24 0 0 0 
0 0 13 0 2 
0 1 5 0 2 
0 1 6 0 0 
0 5 0 0 7 
0 5 33 2 26 
0 1 0 0 6 
0 1 6 19 3 
0 0 114 0 0 
0 0 0 8 0 
0 0 0 5 0 
0 0 0 0 21 
0 0 0 14 0 
0 0 28 0 0 
8 1 0 2 21 
0 0 6 0 0 
0 0 0 123 0 
0 0 5 0 0 
0 0 17 0 2 
0 0 36 0 0 
0 0 7 0 0 
1 0 16 0 0 
0 0 6 0 0 
0 0 11 0 13 
0 0 2 0 5 
0 0 6 1 2 
0 0 24 0 0 
5 0 6 0 0 
0 0 5 0 0 
0 0 0 0 8 
10 0 0 0 0 
3 0 6 8 1 
0 0 0 0 6 
0 0 20 0 0 
0 0 0 8 0 
12 6 53 0 1 
61 7 165 0 94 
0 0 65 0 0 
6 0 2 0 0 
0 0 0 0 5 
0 0 5 0 0 
0 1 5 1 1 
74 2 52 0 41 
269 0 97 0 81 
0 0 0 0 7 
0 0 29 0 0 
6 1 8 0 8 
0 0 6 0 0 
0 0 0 29 0 
0 0 0 0 5 
36 10 344 9 12 
10 0 0 0 0 
0 0 7 0 0 
0 0 1 7 1 
0 0 0 9 0 
3 0 1 0 5 
0 0 0 7 0 
8 0 4 2 12 
4 0 27 0 0 
3 0 24 21 3 
0 0 0 5 0 
65 2 154 0 161 
0 0 13 0 1 
28 0 0 0 0 
0 0 0 0 15 
0 0 0 0 6 
0 0 0 0 8 
0 0 0 0 6 
0 0 0 0 12 
0 0 0 0 5 
0 0 0 0 29 
0 0 0 0 73 
0 0 0 0 9 
0 0 0 0 14 
0 0 0 0 91 
0 0 0 0 8 
0 0 0 0 111 
0 0 0 0 5 
0 0 0 0 5 
0 0 0 0 8 
0 0 0 0 20 
0 0 0 5 0 
0 0 0 0 38 
0 0 0 0 8 
0 0 0 6 0 
0 0 0 9 0 
0 0 0 130 0 
0 0 0 8 0 
0 0 0 6 0 
0 0 0 7 0 
0 0 0 6 0 
0 0 0 9 0 
0 0 7 0 0 
0 0 1 0 37 
0 0 2 6 2 
12 0 0 0 0 
49 0 199 0 40 
13 0 37 0 6 
1 0 18 0 1 
2 0 10 0 4 
1 3 9 5 5 
4 0 2 0 14 
1 0 6 0 0 
2 0 7 1 5 
2 0 90 0 0 
2 0 1 0 46 
21 0 35 1 51 
0 4 2 0 6 
0 0 0 6 0 
1 1 23 0 8 
0 0 11 0 25 
3 1 9 0 11 
1 1 17 0 6 
1 0 0 0 6 
5 0 0 0 0 
1 0 0 6 0 
0 0 6 0 2 
4 0 8 0 3 
2 0 15 0 2 
6 0 0 0 0 
2 1 6 0 6 
4 0 17 0 4 
27 5 19 0 45 
0 0 7 0 0 
3 4 5 0 0 
6 1 4 0 2 
0 0 1 22 1 
0 5 0 0 5 
1 0 1 1 25 
12 0 3 0 3 
1 0 1 0 14 
11 0 0 2 0 
11 13 94 0 13 
5 0 28 0 0 
40 0 1 0 42 
2 0 2 0 11 
0 8 0 0 0 
17 2 4 0 1 
15 0 5 0 2 
25 0 226 0 0 
6 0 18 0 35 
17 0 21 0 135 
0 0 0 0 22 
19 0 0 0 12 
1 0 8 0 2 
8 0 38 0 7 
0 0 5 0 0 
51 1 33 4 37 
11 0 1 0 3 
31 2 128 0 13 
3 0 6 0 5 
3 0 5 0 0 
2 1 6 1 2 
105 3 59 0 95 
23 0 153 0 33 
12 0 5 0 13 
4 0 14 0 4 
5 1 15 0 4 
0 0 9 0 0 
0 0 7 0 0 
1 0 27 0 0 
5 0 2 0 0 
6 0 5 3 4 
0 0 6 0 0 
40 0 30 0 133 
18 1 55 0 10 
7 0 2 0 2 
2 2 6 1 6 
2 0 1 0 8 
4 0 12 0 0 
3 0 8 3 21 
5 0 9 0 5 
13 0 4 15 11 
0 0 0 0 20 
17 1 59 0 6 
18 0 0 0 6 
21 0 14 0 18 
34 0 56 3 18 
0 0 0 0 11 
2 0 5 0 6 
65 4 572 0 40 
11 0 0 0 34 
4 0 8 0 0 
5 0 6 0 4 
0 1 17 1 0 
9 0 6 0 17 
5 0 8 0 1 
14 0 36 1 17 
6 1 14 0 11 
1 0 5 0 0 
11 0 30 0 23 
11 0 17 0 15 
5 0 0 0 0 
64 1 44 0 52 
11 0 4 2 4 
14 0 1 0 0 
8 0 1 0 0 
5 0 0 0 0 
115 0 43 0 96 
7 0 9 0 13 
10 0 0 0 0 
8 0 5 0 3 
34 0 26 0 2 
9 0 3 0 1 
13 4 19 4 4 
2 0 6 0 2 
0 0 13 0 2 
9 0 8 0 6 
8 0 2 0 6 
5 0 20 0 3 
6 0 0 0 13 
4 0 7 0 0 
17 0 1 6 17 
1 0 0 6 2 
0 0 13 0 0 
5 0 6 0 5 
7 0 40 0 11 
3 0 1 0 25 
14 0 11 0 2 
1 0 5 0 2 
12 0 49 0 21 
11 0 0 0 1 
0 0 5 1 0 
0 0 0 11 0 
175 0 427 0 30 
2 0 17 1 16 
1 6 3 0 0 
22 1 2 0 8 
3 0 119 0 10 
7 1 3 0 0 
79 0 8 0 0 
21 1 9 4 205 
12 0 2 0 0 
5 0 0 0 2 
0 0 6 0 3 
3 0 5 0 4 
4 0 12 0 8 
25 3 36 0 155 
1 0 13 0 0 
0 0 0 0 15 
15 5 42 36 33 
9 0 7 0 1 
8 0 9 0 18 
103 0 4 0 1 
6 0 0 0 0 
1 0 5 0 0 
4 0 24 1 16 
20 0 31 8 12 
62 1 10 0 8 
19 0 19 3 12 
9 0 3 0 1 
14 1 3 0 0 
8 0 0 0 4 
0 0 3 0 51 
7 0 8 0 0 
39 0 114 0 30 
10 0 0 0 0 
6 2 0 0 0 
2 0 7 0 3 
0 29 0 0 0 
4 0 26 1 5 
48 1 32 0 30 
18 2 88 0 12 
17 0 0 0 78 
98 1 103 0 179 
7 0 3 0 1 
0 0 0 0 18 
27 0 11 1 51 
1 0 6 0 2 
6 0 8 5 9 
13 0 0 2 0 
0 0 32 0 0 
1 0 1 0 6 
18 2 17 0 23 
5 0 11 0 0 
1 0 13 0 1 
6 2 3 0 1 
25 0 28 0 33 
3 0 30 0 0 
21 0 64 0 24 
5 0 3 2 5 
20 0 5 0 6 
12 2 75 0 29 
4 0 8 1 2 
38 1 71 0 15 
51 0 15 0 0 
3 0 2 16 13 
0 0 0 0 5 
1 0 7 0 0 
4 0 17 0 3 
1 0 20 0 21 
5 2 101 0 92 
9 0 0 0 0 
15 0 0 0 0 
12 4 35 0 50 
14 0 31 0 26 
27 6 17 0 6 
6 0 4 0 3 
39 3 42 0 24 
6 0 17 0 1 
7 2 15 1 1 
25 1 100 2 4 
0 0 0 0 28 
5 0 0 0 0 
28 29 50 0 0 
2 0 31 0 2 
0 0 7 0 0 
3 0 8 0 22 
30 1 49 0 27 
1 0 4 3 17 
526 1 642 0 181 
0 0 6 0 0 
2 1 0 0 9 
2 0 15 0 3 
0 0 11 0 0 
5 0 5 0 0 
3 0 21 1 2 
0 0 14 0 0 
98 1 47 0 5 
2 0 5 0 5 
6 0 1 0 0 
57 1 34 0 34 
0 0 16 1 0 
12 0 4 0 31 
3 0 4 0 7 
0 0 0 0 13 
3 1 0 0 38 
57 0 2 0 0 
5 0 0 0 7 
5 0 0 0 0 
37 1 90 0 7 
0 0 8 0 0 
26 0 67 0 0 
10 0 0 0 0 
0 0 11 0 0 
2 0 1 0 5 
1 0 13 0 0 
7 0 0 0 0 
6 0 0 0 0 
15 0 7 0 1 
0 0 6 0 0 
0 0 22 0 0 
2 11 71 0 1 
9 1 2 0 4 
0 0 1 0 43 
5 0 11 1 3 
16 0 38 0 2 
3 0 0 1 5 
16 0 5 21 25 
2 0 26 0 0 
8 0 0 0 0 
1 0 14 12 0 
0 0 0 8 0 
0 0 0 0 46 
2 0 0 0 5 
7 0 17 0 7 
1 4 45 0 4 
7 0 0 0 0 
39 3 22 0 3 
0 0 6 0 0 
0 0 8 0 2 
19 1 237 0 7 
15 0 0 0 1 
9 0 0 0 0 
1 0 23 0 34 
2 10 13 1 54 
1 0 6 0 1 
21 1 20 0 33 
36 0 2 0 0 
4 13 1 0 16 
14 0 9 0 28 
4 0 10 0 2 
1 0 0 6 1 
32 1 24 0 2 
1 0 7 0 8 
1 0 3 0 10 
0 0 0 12 0 
0 5 0 0 0 
0 0 9 0 0 
0 8 0 0 0 
4 0 35 0 19 
49 0 6 0 0 
2 0 0 18 0 
0 0 1 11 0 
0 1 11 0 0 
0 0 6 0 0 
32 1 4 0 17 
0 0 5 3 0 
0 0 11 0 1 
0 0 19 0 0 
0 0 1 1 6 
0 0 50 0 0 
0 0 9 0 0 
0 0 24 0 0 
0 0 7 0 0 
0 0 8 0 0 
0 0 9 0 0 
0 0 105 0 3 
0 0 18 0 0 
26 0 0 0 3 
0 0 13 0 0 
19 0 2 0 63 
0 0 21 0 0 
0 0 0 0 10 
1 0 1 0 7 
0 0 20 0 8 
0 0 54 0 0 
30 24 13 0 21 
36 4 260 0 49 
2 0 2 0 8 
0 0 8 0 0 
0 0 2 1 124 
2 0 12 0 0 
0 0 1 0 6 
0 0 0 0 8 
0 0 11 0 0 
0 0 5 1 50 
0 0 1 0 9 
1 0 6 0 2 
0 0 7 0 0 
0 0 8 0 0 
0 0 6 0 4 
0 0 0 12 0 
3 3 0 0 8 
0 0 5 0 4 
0 0 2 6 0 
2 12 23 0 12 
0 0 0 0 6 
0 0 0 0 7 
0 0 0 0 6 
0 0 0 0 6 
0 0 0 5 0 
0 0 5 0 0 
1 1 5 0 0 
6 0 0 0 0 
0 0 5 0 0 
1 0 1 0 131 
28 2 30 0 194 
7 0 34 0 0 
0 0 0 5 0 
1 0 5 0 0 
11 0 4 0 32 
19 0 8 0 34 
10 0 4 0 4 
10 0 0 0 0 
3 0 3 4 15 
308 1 110 2 28 
5 0 9 1 9 
0 0 20 0 0 
22 0 6 0 0 
7 1 6 0 0 
0 0 0 0 7 
13 1 3 0 35 
5 0 0 0 0 
3 0 15 4 2 
6 0 0 0 0 
0 0 0 0 5 
0 0 6 0 1 
0 0 22 0 0 
28 1 1 0 0 
7 0 13 0 1 
0 0 6 0 0 
0 0 37 0 0 
0 0 5 0 0 
4 0 6 0 0 
0 0 12 0 0 
0 0 6 15 0 
15 0 0 0 7 
0 0 0 9 0 
0 1 24 0 0 
5 0 0 0 0 
12 0 0 0 0 
0 0 0 5 0 
3 0 6 0 0 
0 0 0 0 6 
0 0 0 0 5 
0 0 0 0 42 
0 0 0 0 56 
0 0 0 0 10 
0 0 0 0 6 
0 0 0 0 15 
0 0 0 0 52 
0 0 0 5 0 
0 0 0 5 0 
0 0 0 5 0 
0 0 0 14 0 
0 0 0 5 0 
0 0 0 9 0 
0 0 0 5 0 
0 0 0 0 7 
0 0 0 0 5 
0 0 0 0 6 
0 0 8 0 0 
0 0 0 0 8 
0 0 1 0 5 
0 0 1 6 2 
0 0 7 0 0 
0 0 6 1 3 
0 0 0 0 5 
0 0 6 0 0 
0 0 5 0 1 
0 0 6 0 0 
0 0 5 1 0 
0 0 6 2 0 
0 0 2 5 0 
0 0 5 0 0 
0 0 5 0 0 
0 0 5 0 0 
0 0 11 0 0 
8 0 6 1 15 
5 0 28 1 0 
0 0 0 0 6 
5 0 0 0 6 
14 0 1 0 8 
5 0 6 0 6 
2 0 8 0 12 
2 0 7 0 0 
9 0 0 0 0 
10 0 47 4 48 
34 0 31 0 77 
5 0 5 0 5 
3 0 6 0 2 
11 0 2 0 0 
16 0 0 0 2 
0 0 20 0 0 
4 0 11 0 0 
6 0 0 0 1 
2 0 6 0 0 
6 0 0 0 0 
9 0 4 0 1 
1 0 8 0 0 
19 2 17 0 1 
170 5 106 12 286 
2 0 1 4 12 
135 0 142 0 91 
33 0 100 0 1 
8 0 0 4 0 
5 0 1 1 0 
6 0 3 0 12 
51 2 44 0 194 
2 0 3 1 18 
2 1 3 0 11 
2 1 11 0 11 
32 0 0 0 3 
8 0 17 0 7 
7 0 4 0 0 
91 7 210 0 22 
0 0 0 5 0 
7 7 20 2 9 
16 2 43 2 9 
24 1 32 0 25 
5 0 0 0 7 
0 0 7 0 0 
0 0 6 0 0 
12 1 23 3 27 
0 0 8 0 0 
113 2 183 19 382 
11 0 13 0 4 
11 0 184 4 50 
32 0 46 0 2 
6 0 0 0 0 
8 0 6 0 0 
0 0 0 8 0 
5 0 0 0 225 
4 1 1 1 16 
0 0 6 12 1 
150 2 122 0 656 
0 0 1 5 0 
44 0 196 1 82 
47 0 2 0 0 
12 1 116 0 0 
15 0 42 0 37 
5 0 4 0 1 
5 0 0 0 0 
1 2 13 4 4 
0 5 0 0 11 
0 13 1 0 7 
32 0 42 0 4 
7 0 3 1 5 
0 1 30 0 0 
33 0 1 0 44 
26 0 2 0 12 
3 0 6 0 4 
44 1 79 1 31 
8 0 0 0 6 
9 4 13 0 28 
6 0 8 0 1 
1 0 0 0 19 
10 0 0 0 3 
0 0 0 0 17 
1 0 6 0 0 
146 1 61 0 15 
3 1 53 1 9 
6 0 0 0 0 
2 1 4 8 7 
22 0 25 0 0 
81 0 62 41 97 
2 0 14 0 3 
0 0 5 0 0 
0 0 0 7 0 
0 0 0 2 64 
0 0 7 0 2 
39 1 43 0 12 
16 0 3 0 0 
5 0 1 0 0 
1 0 26 0 1 
205 0 239 11 253 
0 0 29 0 12 
1 0 18 0 9 
2 0 5 0 2 
1 0 0 0 20 
8 0 3 0 1 
0 0 7 0 0 
21 10 42 8 32 
7 0 9 0 2 
14 0 103 0 30 
4 0 63 0 6 
0 0 0 0 17 
6 0 0 0 1 
1 1 9 0 1 
42 7 106 2 119 
12 0 0 1 0 
33 1 4 2 72 
63 6 80 0 1027 
2 0 5 0 2 
17 1 4 1 5 
51 0 33 0 72 
0 1 1 0 12 
5 1 14 0 4 
0 0 0 0 6 
54 0 29 0 3 
93 0 792 0 1 
16 1 30 17 34 
0 0 5 0 0 
3 0 9 0 0 
7 0 32 0 11 
6 0 7 0 4 
43 0 29 0 6 
9 0 76 1 0 
2 0 15 1 13 
6 0 23 0 3 
14 1 23 5 15 
0 0 42 0 28 
0 0 14 0 0 
1 0 10 0 4 
3 0 7 0 2 
1 0 17 0 2 
3 0 38 0 0 
0 0 47 0 0 
5 0 2 0 2 
1 0 2 0 5 
4 0 12 0 0 
0 0 0 10 0 
0 0 5 0 0 
1 0 13 0 0 
0 0 0 7 0 
6 1 5 0 0 
0 0 0 7 0 
3 0 6 0 1 
0 1 36 5 5 
1 0 0 0 54 
1 1 16 0 6 
2 1 0 1 21 
5 0 0 7 25 
408 36 98 1 440 
7 2 0 0 0 
1 0 7 1 50 
0 0 0 0 43 
4 1 26 4 10 
0 0 5 0 0 
1 0 15 6 4 
0 0 0 0 8 
0 0 9 0 0 
2 1 9 0 3 
0 0 0 5 0 
1 0 6 3 1 
14 12 4 44 2 
1 0 13 0 0 
2 6 20 0 10 
0 0 0 0 9 
0 0 8 0 13 
61 2 42 0 31 
0 0 63 0 0 
0 31 0 0 0 
0 0 0 0 10 
0 0 0 6 0 
35 0 3 0 7 
0 0 9 0 0 
0 0 10 1 1 
0 0 20 0 0 
4 0 41 0 20 
0 0 2 6 0 
0 0 7 0 0 
0 0 0 0 7 
0 0 9 0 0 
0 0 5 0 1 
0 0 5 0 4 
0 0 12 0 0 
1 0 5 0 0 
0 0 12 0 3 
0 0 0 0 5 
0 0 0 0 13 
0 0 0 0 6 
0 0 0 0 6 
0 0 0 0 13 
0 0 0 5 0 
0 0 0 5 0 
0 0 0 6 0 
0 0 0 18 0 
0 0 0 70 0 
0 0 0 11 0 
0 0 0 33 0 
0 0 0 39 0 
0 0 7 0 0 
0 0 11 0 0 
0 0 12 0 0 
0 0 1 1 6 
0 0 8 0 0 
0 0 0 0 6 
0 0 6 0 0 
0 0 7 0 0 
0 0 2 0 8 
0 0 7 0 0 
0 0 1 8 0 
0 0 6 0 0 
0 0 5 0 2 
0 0 11 0 1 
0 0 10 0 0 
0 0 6 0 4 
0 0 0 7 0 
0 0 34 0 0 
0 0 5 0 0 
0 0 8 0 0 
0 0 12 0 3 
0 0 23 0 0 
8 0 4 0 0 
8 0 6 0 4 
6 0 14 0 9 
7 1 34 0 52 
7 0 28 0 1 
1 7 8 0 1 
2 0 24 0 0 
2 0 2 1 22 
9 0 2 0 5 
1 0 5 0 6 
0 0 5 0 1 
4 1 44 0 4 
71 0 4 0 15 
7 0 33 1 5 
7 0 8 0 3 
0 0 5 0 0 
0 0 47 0 0 
5 0 43 1 8 
4 2 8 0 0 
27 0 10 0 52 
76 7 802 0 71 
15 2 12 0 2 
22 2 0 0 8 
24 2 106 0 25 
7 1 17 0 12 
1 0 4 0 6 
13 7 64 0 3 
9 0 16 0 3 
14 0 74 0 2 
1 0 0 25 1 
14 1 26 1 15 
3 0 1 0 11 
5 0 4 0 1 
4 0 17 0 0 
5 0 0 0 0 
19 0 1 0 0 
4 0 18 0 1 
17 0 17 0 0 
11 1 6 0 3 
54 0 37 0 3 
15 1 0 0 36 
5 0 3 0 3 
5 0 0 0 0 
11 0 26 0 0 
0 0 1 1 5 
3 2 17 0 11 
5 0 7 0 9 
2 0 11 2 0 
0 0 1 0 22 
5 0 16 0 4 
0 0 14 0 0 
1 0 47 0 1 
5 0 6 0 17 
0 0 0 0 18 
31 1 18 1 14 
2 0 3 0 6 
232 45 250 1 219 
5 0 0 1 0 
7 2 0 0 4 
1 0 1 0 7 
4 0 9 0 4 
2 0 5 0 2 
1 2 11 0 13 
33 0 8 0 16 
12 0 4 0 4 
0 0 0 0 13 
10 3 40 0 1 
5 1 13 0 11 
6 1 0 0 0 
0 0 0 0 5 
85 1 14 0 13 
6 0 6 0 4 
0 0 238 0 0 
2 1 7 0 2 
4 0 7 0 0 
10 5 13 0 51 
6 0 0 0 0 
24 0 4 0 18 
20 0 5 0 8 
9 0 72 0 0 
12 3 19 0 35 
24 0 15 0 4 
5 0 21 0 0 
13 0 9 4 88 
89 1 121 0 6 
23 1 47 0 88 
2 0 3 0 7 
4 0 12 27 0 
0 0 0 0 6 
22 0 10 0 46 
37 0 15 0 47 
51 0 1 0 4 
9 0 8 0 14 
7 0 1 0 1 
12 0 0 0 6 
22 0 26 0 17 
20 0 0 0 0 
58 0 15 0 9 
18 4 42 0 14 
4 0 5 1 5 
2 0 2 0 5 
7 0 4 0 12 
3 0 17 2 21 
0 0 5 0 0 
37 6 32 0 26 
35 0 1 0 3 
78 7 0 0 74 
2 0 66 0 2 
2 0 0 0 5 
2 0 11 0 1 
7 0 9 0 22 
14 0 3 0 0 
7 1 0 0 20 
6 0 2 0 13 
7 1 23 0 2 
7 0 5 65 0 
4 1 18 0 4 
13 1 42 3 24 
0 0 0 0 7 
5 0 2 0 0 
0 0 83 0 2 
0 0 281 0 0 
0 0 7 0 1 
37 3 0 0 42 
0 0 8 0 0 
4 0 21 0 2 
2 1 11 0 5 
5 0 0 0 2 
9 0 3 0 18 
1 0 8 0 9 
8 2 1 0 41 
1 0 10 0 0 
15 0 2 0 0 
14 0 6 0 5 
25 0 22 0 4 
9 0 0 1 3 
9 6 61 0 7 
17 1 0 0 32 
5 1 0 3 8 
4 1 74 0 4 
0 0 5 0 1 
0 0 8 0 0 
6 3 24 0 12 
8 5 5 0 72 
3 1 5 0 1 
3 1 5 0 2 
23 0 116 0 2 
35 0 7 0 0 
10 1 59 0 18 
4 0 0 0 11 
2 0 3 0 5 
12 0 17 0 106 
21 1 91 0 57 
3 0 14 0 11 
71 0 23 2 37 
9 1 314 0 8 
9 0 10 0 7 
1 0 14 0 1 
9 0 27 7 34 
5 0 0 0 14 
2 0 0 0 6 
11 0 52 0 0 
5 0 1 0 3 
4 6 28 0 15 
7 1 3 0 2 
12 13 31 0 2 
11 2 2 0 28 
8 0 11 1 6 
5 1 32 0 0 
15 2 15 0 10 
5 2 38 0 0 
23 0 1 0 9 
5 1 0 0 10 
0 0 0 6 0 
2 0 9 0 7 
13 2 13 7 71 
3 0 38 0 5 
7 0 11 0 35 
13 0 46 0 1 
5 0 0 0 0 
1 0 17 0 0 
0 0 0 0 87 
0 0 0 17 0 
2 4 11 0 12 
1 1 7 0 6 
4 1 14 0 2 
7 2 45 0 5 
0 0 0 107 0 
0 0 0 7 0 
0 0 1 5 0 
0 0 62 0 0 
4 0 9 0 7 
2 1 8 0 2 
1 0 0 12 0 
1 0 2 1 7 
1 0 22 0 0 
13 0 16 0 7 
0 0 77 0 0 
9 1 30 0 16 
31 0 0 0 0 
1 0 4 0 5 
3 0 9 0 0 
12 0 5 0 6 
14 0 3 1 8 
4 2 5 0 5 
4 0 6 0 5 
10 1 10 0 4 
80 0 1 0 8 
0 0 57 0 0 
5 1 23 0 6 
3 1 7 0 0 
1 2 12 0 12 
7 1 29 1 12 
0 0 3 7 28 
2 0 16 0 4 
4 0 4 1 8 
9 0 1 0 1 
0 1 6 0 0 
1 0 11 0 4 
0 1 66 0 3 
0 0 29 0 0 
8 0 18 2 28 
0 1 4 0 53 
0 0 10 0 0 
0 0 42 0 0 
0 0 31 0 0 
0 0 1 0 7 
4 0 14 1 4 
2 0 15 0 40 
0 0 5 2 0 
0 0 28 0 0 
0 0 1 0 6 
29 3 7 0 13 
0 0 41 0 2 
0 0 6 0 0 
6 1 163 0 2 
0 0 8 0 2 
2 0 5 0 3 
0 0 6 0 0 
0 0 6 2 2 
0 0 13 0 0 
0 0 17 0 0 
0 0 0 0 9 
0 0 0 0 19 
0 0 0 0 17 
0 0 0 0 53 
0 0 0 0 9 
0 0 0 0 32 
0 0 0 0 43 
0 0 0 0 6 
0 0 0 0 8 
0 0 0 0 7 
0 0 0 0 14 
0 0 0 8 0 
5 0 8 0 0 
2 0 23 0 0 
84 63 434 0 110 
10 0 0 29 1 
0 0 9 0 0 
12 0 0 0 0 
14 0 18 0 8 
5 0 4 0 0 
13 0 47 0 5 
15 1 16 0 9 
11 0 0 0 5 
5 0 258 0 6 
16 1 88 0 2 
15 2 43 0 47 
2 0 6 0 0 
88 0 1 0 4 
197 18 424 2 232 
5 1 7 0 3 
1 0 87 3 0 
31 0 147 0 29 
0 0 0 0 6 
19 0 10 0 4 
3 0 0 0 6 
3 0 3 0 300 
2 0 0 0 62 
2 0 10 0 0 
0 0 9 0 0 
1 1 0 1 431 
35 171 175 0 51 
8 0 16 1 34 
37 0 93 0 56 
8 0 5 5 5 
7 0 6 0 1 
19 0 76 0 6 
17 1 1 0 7 
23 0 3 0 1 
12 0 35 0 8 
0 0 8 0 0 
14 1 17 3 7 
1 0 6 0 0 
32 0 2 0 0 
5 0 4 0 8 
8 1 16 0 5 
1 3 16 0 9 
2 1 5 0 5 
1 0 5 0 12 
45 0 7 0 2 
5 0 6 0 1 
294 2 3 0 26 
17 0 21 0 6 
11 0 28 0 7 
13 0 36 0 12 
174 15 327 0 114 
2 3 27 0 0 
0 0 0 0 36 
2 0 16 0 11 
1 0 7 0 13 
14 0 12 4 0 
3 0 13 0 2 
7 0 0 1 0 
2 0 2 0 195 
2 3 30 0 3 
5 1 15 0 13 
39 21 23 0 46 
0 0 0 5 0 
0 0 6 0 1 
17 0 2 0 22 
9 8 5 0 29 
0 0 12 0 0 
0 0 11 2 0 
0 0 10 0 0 
15 0 25 0 9 
3 0 13 0 2 
0 0 18 0 0 
0 0 9 0 0 
0 0 0 5 0 
0 0 0 0 5 
0 0 0 0 19 
0 0 0 0 7 
0 0 0 0 7 
0 0 0 0 8 
0 0 0 0 15 
0 0 0 0 463 
0 0 0 6 0 
0 0 0 0 16 
0 0 0 22 0 
0 0 5 0 0 
0 0 0 0 10 
0 0 14 0 0 
0 0 9 0 0 
0 0 10 0 0 
0 0 5 0 0 
0 0 24 0 14 
0 0 0 0 6 
0 0 16 0 7 
0 0 6 0 0 
7 0 2 0 0 
2 0 5 0 0 
45 25 15 0 13 
0 0 8 0 0 
17 2 24 0 6 
0 0 0 28 0 
139 0 241 0 178 
9 0 61 1 23 
36 1 55 0 1 
7 0 3 0 7 
0 0 7 0 0 
1 0 6 1 0 
30 0 6 0 3 
23 0 33 0 23 
0 0 5 0 0 
6 0 0 0 0 
13 1 9 0 13 
5 0 0 0 0 
32 0 36 0 169 
1 0 0 0 24 
0 0 7 0 0 
2 0 5 0 0 
4 0 0 2 7 
16 0 0 0 12 
6 0 4 0 24 
3 0 0 0 12 
0 0 0 0 6 
3 2 8 6 3 
23 0 55 0 8 
12 0 26 0 56 
1 0 2 0 6 
15 1 6 0 3 
14 0 22 0 27 
7 0 22 0 2 
4 1 10 0 5 
1 0 22 0 0 
6 0 9 0 0 
7 0 5 0 6 
22 0 11 0 47 
5 2 11 0 2 
4 0 5 0 3 
33 2 4 0 16 
10 0 0 0 0 
6 0 1 0 19 
21 2 72 0 13 
18 0 31 0 90 
21 0 6 0 31 
11 0 5 0 1 
10 0 2 0 10 
4 0 10 23 4 
1 2 26 0 2 
70 1 37 0 25 
8 0 0 1 3 
9 0 4 0 1 
7 2 44 0 6 
41 0 12 2 9 
50 7 70 0 18 
1 0 10 0 0 
12 0 3 0 16 
2 0 1 0 7 
14 0 2 0 13 
0 0 19 0 0 
7 11 10 0 0 
37 2 187 0 32 
62 1 9 0 29 
4 0 0 0 6 
2 0 2 0 51 
11 6 141 0 31 
4 0 1 2 35 
2 1 12 0 1 
1 3 11 0 0 
1 0 7 1 1 
18 1 44 0 10 
6 5 23 23 9 
1 1 1 0 5 
4 0 25 0 1 
6 0 4 1 0 
2 0 5 0 0 
0 0 0 0 6 
0 0 11 0 0 
0 0 16 3 0 
0 0 0 0 17 
7 0 21 0 9 
5 0 19 1 6 
0 0 5 0 0 
5 0 0 0 0 
7 0 0 0 0 
0 0 0 0 6 
2 1 16 0 159 
0 1 16 0 0 
8 0 2 0 1 
26 2 94 0 25 
1 0 0 0 14 
126 0 5 0 18 
4 0 4 0 6 
0 0 38 0 0 
0 0 32 0 0 
7 6 3 0 162 
0 0 1 19 0 
0 0 5 0 0 
0 0 0 5 0 
0 0 6 2 4 
0 0 5 1 0 
0 0 1 12 0 
0 0 2 0 19 
0 0 0 0 15 
0 8 146 0 44 
76 4 297 0 82 
0 0 16 0 0 
62 5 274 4 196 
2 0 0 0 46 
0 0 4 0 11 
0 0 15 0 0 
0 0 11 0 0 
0 0 0 11 0 
0 0 0 11 0 
0 0 0 0 5 
1 0 27 0 0 
0 0 6 0 0 
52 53 51 8 192 
196 4 0 1 0 
6 0 0 0 0 
65 0 0 0 0 
11 0 2 0 3 
1 0 0 15 0 
1 0 39 0 4 
7 9 6 0 0 
10 1 3 27 1 
2 0 7 0 0 
21 2 32 0 3 
7 1 57 1 44 
6 0 0 2 0 
3 1 26 3 7 
8 1 6 0 1 
0 0 0 0 27 
6 0 68 0 3 
6 0 3 0 0 
0 0 14 0 0 
16 2 29 1 15 
25 2 0 0 0 
26 2 39 0 12 
1 0 24 9 9 
3 1 10 0 5 
5 0 0 0 0 
11 1 15 0 20 
1 0 17 0 1 
1 0 0 11 1 
8 0 8 0 0 
0 0 5 0 0 
21 0 98 9 3 
28 1 23 40 1 
2 0 1 9 2 
1 0 28 0 0 
3 0 0 16 0 
9 0 9 1 44 
4 0 7 39 11 
0 1 15 5 7 
9 0 0 0 0 
0 0 0 7 1 
0 0 0 5 0 
7 0 0 0 0 
2 0 5 0 0 
1 0 6 0 3 
2 0 19 0 14 
1 0 0 5 0 
1 0 1 0 5 
0 0 8 0 0 
42 2 32 32 3 
0 0 2 0 7 
0 0 0 7 0 
20 53 15 6 349 
0 0 7 0 0 
0 0 0 12 0 
0 0 1 6 1 
1 0 14 0 0 
1 0 0 0 33 
15 0 0 0 0 
0 0 0 8 0 
4 1 2 0 6 
0 0 0 12 0 
0 0 10 0 1 
0 0 0 5 0 
0 0 0 0 6 
0 0 0 6 0 
0 0 0 10 0 
0 0 0 7 1 
17 3 4 0 7 
0 0 0 0 9 
1 0 4 1 6 
0 0 0 0 5 
3 0 2 6 1 
0 0 0 0 22 
0 0 0 0 5 
0 0 0 0 30 
0 0 16 0 0 
0 0 0 0 14 
0 0 0 0 18 
0 0 0 0 8 
0 0 0 0 15 
0 0 8 0 0 
7 0 0 0 1 
15 0 0 0 5 
1 0 10 0 1 
40 1 35 1 26 
0 0 5 0 0 
8 0 1 0 1 
1 0 1 0 42 
108 0 0 0 0 
6 0 0 0 0 
6 0 0 0 0 
7 0 8 0 6 
0 0 0 6 0 
2 0 5 0 0 
0 0 9 0 0 
0 0 11 0 0 
0 0 52 0 0 
16 0 58 0 0 
0 0 17 0 0 
13 0 7 0 0 
4 1 5 0 0 
0 0 6 0 0 
0 0 6 0 0 
0 0 0 0 7 
0 0 1 2 5 
5 0 47 0 1 
0 0 8 0 0 
0 0 20 0 0 
0 0 5 0 1 
0 0 0 0 6 
0 0 0 0 8 
0 0 0 0 5 
0 0 0 0 35 
0 0 0 0 21 
0 0 0 0 7 
0 0 0 0 19 
0 0 0 0 9 
0 0 0 0 7 
0 0 0 0 9 
0 0 0 0 23 
0 0 0 0 18 
0 0 0 0 5 
0 0 0 0 69 
0 0 0 0 7 
0 0 0 0 5 
0 0 0 0 27 
0 0 0 0 12 
3 0 19 0 0 
4 0 2 0 45 
1 0 17 0 0 
1 0 9 0 0 
1 1 0 0 5 
7 1 8 0 9 
1 0 3 0 6 
0 0 5 15 2 
1 0 7 1 1 
7 0 3 0 0 
2 0 2 0 9 
8 0 0 0 0 
25 0 25 0 12 
1 0 0 0 6 
5 1 0 0 4 
5 0 3 0 3 
0 0 6 0 0 
2 0 6 0 2 
1 0 1 0 35 
6 0 0 0 10 
12 0 8 0 6 
0 0 32 0 0 
8 0 1 0 5 
5 0 0 0 1 
0 0 1 7 0 
0 0 23 0 1 
5 0 20 1 138 
1 1 5 0 0 
17 4 76 0 5 
2 3 6 0 14 
6 0 13 0 7 
2 0 6 0 10 
5 1 6 0 3 
96 0 107 0 40 
5 0 4 0 42 
17 0 5 0 167 
0 0 9 0 2 
0 0 0 11 0 
39 0 93 0 0 
16 0 30 0 2 
0 0 0 0 5 
1 0 6 0 0 
26 0 76 3 0 
21 0 12 0 14 
14 0 0 0 0 
6 0 0 12 0 
3 0 0 0 13 
1 0 0 0 11 
2 0 7 1 1 
0 0 23 0 0 
3 0 5 13 2 
6 0 33 0 15 
4 0 9 0 0 
5 0 3 0 196 
0 0 1 6 0 
11 0 13 5 10 
21 3 34 0 27 
12 0 2 0 7 
7 0 2 0 0 
5 0 0 0 1 
0 0 2 7 2 
5 0 2 0 1 
3 1 4 2 20 
4 0 3 0 18 
2 0 1 0 5 
0 0 10 0 0 
30 3 28 1 15 
32 1 64 1 83 
24 1 25 0 12 
9 1 16 6 49 
16 1 13 0 38 
0 0 18 0 0 
6 0 0 0 0 
1 0 5 0 6 
5 0 1 0 3 
14 1 18 0 34 
11 0 1 0 251 
14 0 68 10 2 
2 0 18 0 5 
6 0 6 0 18 
35 0 48 0 73 
1 0 34 0 2 
0 0 0 0 5 
16 0 20 0 11 
10 0 6 2 9 
6 1 16 5 9 
0 0 0 17 0 
73 2 76 0 57 
20 0 18 0 12 
0 0 4 0 5 
2 0 5 0 16 
5 4 11 0 15 
50 3 70 0 39 
35 0 0 0 1 
7 0 25 0 10 
1 0 12 0 3 
1 0 1 0 7 
4 1 17 0 2 
0 0 38 0 0 
5 0 30 0 6 
5 0 0 0 4 
9 0 0 0 0 
43 1 4 0 25 
43 1 92 0 52 
36 1 60 0 12 
4 0 10 9 12 
15 0 1 0 4 
4 0 6 0 10 
0 0 2 0 7 
18 0 222 0 40 
0 0 1 0 37 
15 0 42 0 21 
6 0 34 0 10 
11 0 18 0 18 
90 8 37 0 10 
4 0 10 0 2 
42 0 43 0 81 
1 0 6 0 1 
2 0 5 0 0 
0 0 18 1 0 
11 0 4 0 14 
38 2 35 0 3 
14 0 0 0 80 
2 0 3 0 7 
5 12 41 1 34 
5 0 0 0 0 
7 0 0 0 5 
5 0 7 0 2 
10 0 13 0 45 
0 0 0 31 0 
29 1 40 0 21 
62 0 293 1 2 
4 0 14 0 0 
15 0 7 0 1 
6 0 1 0 0 
4 0 9 0 5 
8 0 0 0 0 
75 12 154 0 139 
406 0 117 1 61 
13 0 20 0 16 
2 1 0 4 5 
28 0 5 0 2 
2 0 7 7 107 
13 0 0 0 7 
0 0 6 1 3 
1 0 20 0 4 
6 0 0 0 0 
17 0 10 0 1 
25 0 11 17 27 
2 0 7 0 3 
1 0 0 0 14 
1 0 11 0 7 
14 0 0 0 0 
4 0 1 5 11 
1 0 5 0 0 
0 0 0 17 0 
10 0 8 0 6 
3 0 0 12 0 
18 0 6 0 8 
1 0 0 0 12 
0 0 0 0 13 
2 1 9 1 7 
2 0 7 35 0 
16 1 1 0 15 
2 1 27 0 2 
19 1 55 0 34 
6 0 0 0 1 
0 0 0 6 0 
6 1 34 0 14 
28 0 0 0 3 
5 0 5 0 0 
0 0 5 3 0 
32 0 0 0 3 
23 0 26 0 145 
10 0 2 0 12 
6 0 38 1 19 
264 0 366 6 40 
3 0 0 1 5 
1 0 0 0 20 
5 0 0 0 0 
1 1 0 30 0 
6 1 4 0 6 
17 0 0 0 37 
15 1 0 0 10 
3 0 0 0 5 
52 0 22 0 12 
9 4 2 0 47 
105 0 5 2 2 
6 0 2 1 3 
5 0 7 3 8 
1 0 5 0 1 
1 0 12 0 0 
1 0 19 0 0 
7 0 0 0 1 
0 0 4 2 13 
6 0 0 0 3 
1 0 5 0 0 
15 1 0 0 90 
4 2 7 0 3 
41 0 48 6 16 
0 0 0 0 6 
10 3 10 0 4 
0 0 9 0 0 
5 0 4 0 7 
6 0 9 0 0 
7 0 6 1 6 
17 0 0 2 0 
36 1 60 0 1 
11 0 0 0 0 
10 0 0 0 3 
0 0 13 0 0 
1 2 9 0 21 
0 0 0 0 13 
13 4 89 0 9 
21 0 6 0 6 
69 5 22 1 82 
7 0 8 0 15 
5 0 0 0 0 
12 0 14 1 10 
80 1 47 0 21 
0 0 29 0 1 
2 0 10 0 0 
3 2 48 0 53 
8 0 0 0 0 
25 0 90 0 23 
1 0 5 0 0 
31 0 42 0 4 
1 0 0 201 0 
0 0 5 1 1 
177 20 2 0 1192 
2 0 5 0 2 
0 1 7 1 1 
0 0 230 0 0 
3 0 2 0 14 
24 0 0 0 0 
0 0 38 0 0 
0 0 5 0 0 
0 0 40 0 6 
8 0 5 0 0 
0 0 14 0 4 
18 1 0 0 16 
0 0 8 0 0 
0 0 4 0 6 
0 0 5 0 3 
0 0 7 0 0 
0 0 7 0 0 
0 0 8 1 0 
0 0 0 32 0 
0 0 5 0 3 
0 0 0 0 7 
0 0 1 11 0 
17 1 30 0 42 
0 0 10 0 0 
7 0 0 0 2 
7 0 22 0 3 
11 0 4 10 6 
0 0 5 0 1 
4 6 59 1 6 
0 0 0 5 0 
31 6 163 0 101 
22 1 112 0 58 
6 0 0 0 0 
0 0 1 0 5 
0 0 3 10 21 
13 0 16 2 65 
0 0 0 17 0 
2 0 0 8 0 
14 0 3 0 1 
7 0 7 0 15 
0 0 0 8 0 
3 0 70 7 253 
0 0 0 8 0 
40 0 6 0 0 
0 0 0 7 0 
0 0 0 5 0 
1 0 8 2 1 
0 0 0 8 0 
3 0 3 0 11 
4 0 6 1 6 
0 0 9 0 82 
0 0 0 0 12 
0 0 0 0 31 
0 0 0 0 10 
0 0 0 0 14 
0 0 0 0 13 
0 0 0 0 5 
0 0 0 0 19 
0 0 0 0 6 
0 0 0 0 111 
0 0 0 0 18 
0 0 0 0 5 
0 0 0 0 33 
0 0 0 16 0 
0 0 0 0 11 
0 0 0 5 0 
0 0 0 5 0 
1 0 12 5 3 
0 0 0 7 0 
9 0 0 0 0 
4 0 0 0 273 
7 0 0 0 0 
0 1 0 0 8 
11 0 0 0 0 
0 0 3 9 16 
5 0 5 0 5 
0 0 0 42 0 
17 1 21 10 5 
56 1 55 0 37 
7 0 2 0 2 
26 0 5 2 4 
7 0 0 11 0 
2 1 9 0 0 
5 2 47 0 10 
5 0 0 0 0 
2 2 15 2 0 
0 0 53 0 0 
0 0 4 0 9 
0 0 0 0 7 
5 0 0 0 0 
37 0 2 0 27 
1 0 2 0 6 
2 0 2 4 11 
19 1 37 0 15 
0 0 0 5 2 
143 18 77 0 25 
0 0 0 28 0 
63 0 396 3 3 
0 0 0 5 1 
0 0 14 0 0 
4 0 36 11 11 
1 0 0 6 0 
45 5 71 62 21 
6 0 0 0 2 
0 0 0 16 0 
0 0 0 7 0 
19 0 1 0 11 
2 1 16 12 9 
1 0 0 0 16 
1 1 1 0 7 
9 0 10 0 0 
10 0 0 0 0 
0 1 0 0 630 
41 0 1 18 8 
0 0 11 0 0 
22 1 11 0 0 
44 0 1 0 20 
45 0 0 0 1 
4 0 9 1 3 
12 0 0 0 0 
16 0 2 0 19 
12 0 3 5 18 
0 0 5 0 0 
11 5 9 10 55 
0 0 0 0 9 
21 1 16 12 11 
10 0 13 0 6 
14 0 0 0 0 
5 1 18 15 22 
6 1 23 1 2 
0 0 0 60 0 
11 0 1 0 55 
14 0 4 0 0 
0 0 13 14 7 
0 0 11 1 2 
0 0 1 3 8 
1 0 6 0 1 
4 0 11 0 84 
8 0 2 0 18 
12 0 5 0 12 
0 0 0 0 10 
5 0 0 0 0 
6 0 0 0 0 
6 0 29 0 8 
3 0 22 2 12 
1 4 8 0 0 
6 3 76 0 0 
0 0 0 8 0 
8 1 0 3 0 
10 0 2 0 2 
7 0 0 0 0 
0 0 1 27 0 
0 0 23 0 0 
4 1 2 12 0 
11 0 9 0 0 
8 2 0 0 0 
11 0 2 0 0 
0 0 0 10 0 
0 0 0 6 0 
0 0 17 0 0 
0 0 0 0 6 
0 0 0 5 0 
28 0 0 0 0 
0 0 6 0 0 
0 0 18 0 0 
0 0 0 0 15 
0 0 9 0 0 
12 1 0 0 245 
0 0 33 0 0 
0 0 1 20 2 
0 0 7 0 0 
0 0 7 0 0 
0 0 10 0 0 
0 0 5 0 0 
0 0 14 0 1 
0 0 0 0 6 
0 0 1 6 0 
0 0 1 5 0 
7 1 19 7 13 
3 0 0 13 1 
11 1 82 0 7 
5 0 0 0 0 
0 0 11 0 1 
86 3 13 0 6 
0 0 5 0 0 
0 0 11 9 0 
0 0 0 9 0 
0 0 5 0 0 
0 0 0 0 9 
2 0 27 0 1 
0 0 0 9 0 
2 0 6 0 0 
8 0 0 2 5 
0 0 0 22 0 
10 0 0 0 7 
0 0 1 0 6 
0 0 0 2 5 
0 0 0 43 24 
0 0 0 8 0 
0 0 0 15 0 
0 0 0 0 5 
0 0 0 0 8 
0 0 0 0 14 
0 0 0 0 16 
0 0 0 0 68 
0 0 0 0 6 
0 0 0 0 19 
0 0 0 0 5 
0 0 0 0 8 
0 0 0 0 119 
0 0 0 0 9 
0 0 0 1 64 
0 0 0 5 1 
0 0 0 0 6 
0 0 0 7 0 
0 0 0 5 0 
0 0 0 5 0 
0 0 0 0 34 
0 0 0 648 0 
0 0 0 8 0 
0 0 0 8 0 
0 0 0 6 0 
0 0 0 0 10 
0 0 0 5 0 
0 0 0 5 0 
0 0 0 10 0 
5 0 41 1 4 
0 0 0 7 3 
6 0 1 0 2 
1 0 0 74 0 
5 0 10 2 1 
137 4 319 0 10 
0 0 0 0 6 
0 0 8 0 10 
19 0 15 0 19 
6 2 10 0 0 
5 0 0 0 0 
0 0 0 13 0 
17 0 0 0 5 
30 0 12 0 14 
1 0 0 0 7 
0 0 0 8 0 
40 0 110 0 28 
8 1 6 0 4 
1 0 1 3 6 
0 0 8 0 1 
2 0 6 1 7 
13 0 31 16 9 
80 3 368 0 63 
3 0 1 16 0 
11 0 7 5 0 
6 2 20 5 38 
0 0 1 10 0 
1 0 5 0 0 
0 0 0 5 0 
4 0 11 13 13 
6 2 25 0 5 
6 0 11 0 7 
9 0 27 0 10 
18 0 2 0 8 
4 0 0 0 9 
1 0 6 1 0 
0 0 0 8 0 
0 1 2 15 13 
0 0 0 0 6 
5 0 0 9 25 
0 0 1 33 0 
6 0 85 5 44 
2 0 0 0 9 
5 0 0 0 0 
524 0 56 0 16 
29 1 4 2 3 
5 0 6 6 1 
11 0 53 0 7 
34 35 1 2 69 
13 0 0 0 240 
1 0 22 0 5 
5 0 0 0 0 
10 2 1 1 3 
14 0 34 0 3 
10 0 24 0 17 
12 0 11 0 159 
1 0 0 17 2 
1 0 3 12 0 
217 0 276 0 0 
5 0 3 0 1 
1 0 0 14 0 
10 0 0 8 59 
4 0 11 25 1 
30 0 1 0 0 
8 0 4 0 0 
117 2 235 0 18 
5 0 4 0 0 
17 0 32 0 16 
0 0 2 8 0 
138 1 243 7 92 
13 3 11 0 8 
75 3 125 11 137 
38 2 26 8 65 
11 0 0 0 8 
13 0 1 2 1 
0 0 0 0 22 
3 0 50 0 49 
4 0 30 0 86 
3 0 0 0 6 
24 0 0 0 0 
6 1 4 1 5 
39 1 8 6 10 
7 0 2 0 0 
68 0 2 0 13 
4 0 27 0 7 
4 0 3 6 0 
14 0 0 1 36 
4 0 0 0 13 
20 0 12 0 7 
0 0 0 6 9 
8 0 6 0 0 
9 0 0 1 18 
2 0 0 3 7 
5 0 20 16 10 
18 0 1 0 0 
0 0 4 0 8 
13 0 15 5 10 
0 0 0 0 12 
11 0 4 0 2 
10 0 6 0 0 
22 7 21 1 13 
6 0 0 0 0 
45 0 9 0 54 
11 0 0 0 13 
19 0 0 4 9 
34 1 1 2 31 
4 0 5 0 2 
2 0 0 6 0 
84 9 12 0 185 
20 5 9 2 22 
22 0 0 0 19 
5 0 4 1 1 
11 2 19 0 9 
13 0 0 0 0 
142 31 745 0 188 
4 0 0 23 0 
22 0 1 0 1449 
1 0 19 1 0 
2 0 33 0 0 
0 0 0 10 0 
23 47 265 15 263 
11 0 0 0 0 
65 16 87 8 73 
58 18 202 5 108 
6 0 0 1 0 
0 0 22 1 2 
1 0 0 23 0 
0 0 5 0 0 
7 0 1 2 0 
0 0 0 0 18 
1 0 1 0 9 
1 0 17 0 5 
1 0 5 0 0 
1 0 7 6 7 
3 0 12 0 8 
0 13 35 0 8 
0 5 0 0 0 
0 5 0 0 17 
0 0 6 0 1 
0 0 16 0 0 
11 3 5 0 31 
1 0 17 2 7 
0 0 5 0 0 
0 9 1 0 8 
4 0 8 0 0 
0 0 11 0 0 
0 0 5 0 0 
0 7 0 0 0 
0 0 3 10 1 
0 0 6 0 0 
5 0 0 0 1 
0 0 8 0 0 
48 1 15 0 4 
0 0 6 1 0 
0 0 0 0 6 
6 0 0 0 0 
0 0 7 0 12 
0 0 8 0 1 
0 0 1 15 0 
0 0 0 9 0 
0 0 0 0 6 
6 0 19 0 0 
0 0 8 0 0 
1 0 13 0 0 
0 0 0 8 1 
0 0 0 7 0 
15 0 0 0 6 
0 0 0 13 0 
0 0 0 0 5 
0 0 0 0 23 
0 0 0 0 6 
0 0 0 0 9 
0 0 0 0 5 
0 0 0 0 10 
0 0 0 0 6 
0 0 0 0 6 
0 0 0 0 8 
0 0 0 0 6 
1 0 5 0 0 
0 1 11 0 0 
0 0 5 2 0 
0 5 8 0 0 
0 1 3 5 0 
0 31 0 0 0 
0 1 8 0 1 
13 1 25 0 6 
0 0 0 5 0 
1 0 10 0 1 
121 0 137 0 61 
5 0 0 0 0 
13 0 139 1 2 
4 0 10 10 2 
1 0 7 0 0 
0 0 1 0 23 
10 1 7 0 10 
40 4 131 2 47 
5 0 2 0 0 
20 7 40 0 25 
8 0 30 0 1 
12 0 4 0 0 
6 1 17 0 4 
13 0 14 0 1 
0 0 6 0 0 
2 0 18 1 9 
4 0 55 0 1 
13 0 19 5 43 
49 8 98 0 22 
3 1 37 1 4 
7 1 21 0 2 
0 0 0 0 15 
5 0 0 0 0 
3 0 5 0 0 
0 0 12 0 0 
3 0 0 0 7 
13 0 14 1 1 
9 0 3 0 17 
16 0 183 0 23 
0 0 6 0 0 
32 7 107 2 11 
3 0 2 0 5 
3 12 24 0 85 
0 0 3 5 3 
2 0 54 0 271 
33 0 8 0 0 
6 0 12 0 4 
1 0 15 0 0 
0 0 0 0 37 
6 0 1 0 0 
0 0 0 0 9 
4 0 23 7 6 
0 5 2 0 0 
2 0 0 0 15 
49 0 2 0 7 
3 0 13 11 31 
4 0 9 2 5 
5 7 32 0 19 
0 0 21 0 0 
5 0 0 0 0 
5 0 0 0 0 
187 1 328 0 7 
155 0 204 0 169 
19 1 11 0 4 
1 0 19 4 8 
10 0 21 0 5 
6 1 36 0 0 
0 0 0 0 11 
8 1 26 0 9 
201 0 372 0 4 
22 1 63 4 11 
5 0 25 9 2 
2 0 3 6 0 
20 5 13 0 5 
1 0 8 0 53 
36 0 1 0 0 
1 0 0 0 9 
26 0 3 0 0 
23 2 215 1 25 
0 0 0 0 11 
0 0 7 0 0 
0 0 0 0 46 
0 0 0 0 15 
0 0 137 0 0 
0 0 95 3 0 
0 0 15 0 0 
0 0 25 0 0 
0 0 9 0 0 
0 0 34 0 0 
0 0 38 0 0 
1 0 6 0 0 
0 0 7 0 0 
0 0 0 0 5 
0 0 23 0 0 
11 1 179 1 5 
0 0 11 0 0 
7 1 4 0 58 
0 0 0 6 0 
0 0 6 0 0 
0 0 6 0 0 
0 0 21 0 0 
208 1 297 0 1 
0 0 9 0 0 
6 0 1 0 0 
0 0 9 0 0 
0 0 17 0 0 
0 0 9 0 0 
0 0 5 0 0 
0 0 21 0 0 
0 0 5 0 2 
15 0 64 0 1 
28 1 68 1 17 
0 0 15 0 2 
0 0 84 0 0 
49 9 0 0 4 
6 0 0 0 0 
0 0 0 5 0 
0 0 0 83 0 
0 0 114 0 0 
0 0 0 9 0 
0 0 0 6 0 
0 0 0 5 0 
10 1 45 0 0 
19 0 47 8 2 
0 0 0 0 5 
2 0 70 0 1 
3 1 54 0 6 
0 0 0 0 25 
0 0 0 0 35 
5 0 0 0 1 
2 0 7 0 3 
0 0 0 0 8 
0 0 0 0 5 
0 0 0 0 10 
0 0 0 0 9 
0 0 0 0 37 
0 0 77 0 0 
0 0 28 0 0 
2 0 1 11 0 
34 0 1 0 2 
5 0 0 0 0 
0 0 0 6 0 
1 0 14 0 0 
12 0 1 0 0 
2 0 6 0 0 
4 0 20 0 3 
0 0 0 6 0 
8 0 8 16 0 
0 0 28 0 0 
0 0 11 0 0 
22 2 41 0 6 
26 0 2 0 0 
1 12 1 0 0 
31 2 20 0 0 
6 0 0 0 0 
0 0 0 11 0 
5 0 23 11 6 
5 0 0 0 0 
3 0 19 0 0 
13 0 2 0 1 
2 0 6 3 1 
30 1 40 0 6 
6 0 18 0 1 
35 0 1 0 0 
66 0 2 0 0 
3 0 12 0 0 
0 0 0 20 0 
7 0 7 0 1 
5 0 0 0 0 
1 0 8 0 2 
0 1 9 0 1 
5 1 4 1 8 
0 0 9 0 0 
23 0 0 0 0 
2 0 23 3 5 
1 0 7 0 0 
0 0 0 6 0 
7 0 0 0 1 
68 0 65 0 1 
1 0 0 0 22 
0 0 11 0 5 
0 0 0 0 6 
3 0 12 0 7 
3 1 150 0 0 
0 0 0 0 8 
6 0 14 0 0 
24 1 13 0 13 
1 0 6 0 0 
8 0 0 0 0 
2 0 98 0 1 
6 0 9 0 7 
0 0 3 0 12 
34 0 91 0 0 
67 0 54 0 27 
3 0 11 7 7 
18 1 18 0 0 
8 2 209 0 0 
8 2 8 0 1 
5 0 1 0 0 
0 0 12 0 0 
5 0 5 0 0 
25 1 10 0 5 
15 0 0 0 0 
19 8 55 0 29 
0 0 67 0 0 
0 0 0 5 0 
0 0 11 0 0 
13 0 6 0 0 
0 0 5 0 0 
21 0 24 0 1 
86 2 49 0 21 
0 0 1 0 7 
0 0 11 0 2 
0 0 30 0 0 
0 0 5 0 0 
0 0 2 6 0 
6 1 4 0 0 
30 1 7 6 1 
4 0 0 0 8 
1 0 11 0 1 
0 0 8 0 0 
0 0 1 25 0 
0 0 0 19 0 
0 0 41 0 0 
0 0 5 0 0 
0 0 0 108 0 
0 0 0 18 0 
0 0 0 8 0 
0 0 0 14 0 
0 0 0 8 0 
0 0 3 7 0 
0 0 0 414 0 
0 0 0 7 0 
0 0 0 9 0 
0 0 0 0 5 
0 0 0 8 0 
0 0 0 6 0 
0 0 0 11 0 
32 1 4 0 2 
0 0 8 5 1 
0 0 0 6 0 
0 0 0 0 5 
30 1 50 0 58 
5 1 33 0 0 
0 0 5 0 0 
128 2 34 1 6 
0 0 0 9 0 
5 0 12 7 5 
0 0 0 74 0 
0 0 0 5 0 
