0 0 0 0 0 7 2 
0 0 0 0 0 11 3 
0 0 0 0 0 9 5 
0 0 0 0 8 28 18 
0 0 0 0 1 7 4 
37 2 104 23 0 0 0 
0 0 0 0 0 10 7 
7 0 24 1 30 209 56 
0 0 0 0 0 12 1 
4 0 13 0 3 21 4 
1 0 0 5 0 0 0 
0 0 0 0 0 11 6 
11 0 0 0 0 0 0 
0 0 0 5 0 0 0 
0 0 0 0 12 16 12 
0 0 6 0 0 0 0 
0 0 5 0 0 0 0 
0 0 8 0 0 0 0 
1 5 1 41 0 0 0 
10 3 116 26 0 6 9 
8 0 0 0 0 0 0 
0 0 49 0 0 0 0 
0 0 20 0 0 0 0 
0 0 79 0 0 0 0 
1 0 23 4 0 0 0 
0 0 5 0 0 0 0 
35 0 197 28 0 0 0 
14 0 0 0 0 0 0 
19 0 1 0 0 0 0 
0 0 5 0 0 0 0 
15 0 0 0 0 0 0 
6 0 0 0 0 0 0 
14 0 1 2 0 0 0 
5 0 0 0 0 0 0 
14 0 0 0 0 0 0 
0 0 0 0 0 3 11 
0 0 0 0 0 9 3 
0 0 0 0 1 3 9 
0 0 0 0 19 16 13 
0 0 0 2 1 14 5 
7 0 11 1 0 0 0 
1 0 0 1 4 9 5 
0 0 0 0 0 7 6 
3 2 60 19 5 24 17 
0 0 0 0 0 6 2 
5 0 50 4 0 0 0 
9 0 0 0 0 0 0 
0 0 1 0 11 22 17 
6 0 8 0 0 0 0 
0 0 6 0 0 0 0 
1 0 0 6 10 32 20 
71 1 11 1 0 0 0 
8 0 6 1 0 0 0 
83 4 12 2 1 3 0 
0 0 0 0 0 13 1 
0 0 0 0 0 16 2 
3 2 9 10 22 47 17 
61 0 5 0 0 0 0 
7 1 15 6 0 0 0 
0 0 0 6 0 0 0 
0 0 0 8 0 0 0 
0 0 5 0 0 0 0 
0 0 6 1 0 0 0 
139 1 78 691 0 0 0 
0 0 0 9 0 0 0 
15 8 40 71 0 1 0 
0 0 12 0 0 0 0 
0 0 6 1 0 0 0 
0 0 5 1 0 0 0 
0 0 11 0 0 2 5 
0 0 9 0 0 0 0 
0 0 25 0 0 0 0 
0 0 16 0 0 1 0 
0 0 0 2 0 5 1 
0 0 5 0 0 0 0 
0 0 0 0 0 10 5 
1 0 15 2 3 1 5 
7 0 25 6 0 0 0 
3 0 0 0 5 9 9 
3 0 10 1 0 0 0 
2 0 7 0 1 3 1 
36 0 73 88 0 0 0 
16 0 136 5 0 6 0 
34 0 15 4 0 0 2 
21 2 19 6 1 5 2 
52 16 564 24 2 1 0 
10 3 0 6 0 0 0 
1 0 34 0 0 0 0 
23 0 9 12 0 0 0 
1 0 8 0 0 10 9 
6 0 0 0 0 0 0 
5 1 19 0 0 0 0 
0 0 7 0 0 0 0 
0 0 5 0 0 0 0 
2 0 0 13 0 0 0 
31 3 37 69 0 0 0 
0 0 0 0 0 6 6 
38 0 1 20 0 0 0 
23 5 75 11 0 0 0 
7 0 0 0 0 0 0 
0 0 1 2 4 5 4 
41 1 43 14 8 44 31 
155 0 6 199 0 0 0 
0 0 8 0 0 0 1 
0 0 0 0 0 56 0 
402 34 313 412 0 15 8 
0 0 5 3 0 0 0 
2 0 24 8 0 3 4 
0 0 0 0 0 5 2 
0 0 31 7 0 1 0 
1 0 2 1 0 11 10 
5 0 0 0 0 5 1 
1 0 0 0 13 7 8 
2 0 12 5 0 0 0 
0 0 5 0 0 0 0 
0 0 1 5 0 1 1 
12 1 90 6 0 0 0 
2 0 13 16 3 26 29 
20 0 45 30 0 6 7 
1 0 5 17 0 0 0 
0 0 0 14 0 1 0 
6 0 19 3 0 0 0 
1 0 7 0 0 0 0 
5 0 0 0 0 0 0 
58 2 53 100 2 10 1 
0 0 0 5 0 0 0 
0 0 0 15 0 0 0 
0 0 0 0 1 6 1 
0 0 0 0 18 8 4 
0 0 0 1 0 5 0 
0 0 0 0 0 5 6 
0 0 0 0 0 6 3 
0 0 8 0 1 0 1 
0 0 0 0 2 3 6 
0 0 0 27 0 0 0 
8 0 2 14 0 0 0 
0 0 0 0 1 6 2 
2 0 0 12 0 0 0 
0 0 0 0 1 7 2 
0 0 0 5 0 0 0 
4 0 8 3 0 6 4 
0 0 0 0 0 5 0 
0 0 7 0 0 1 0 
0 0 6 0 0 0 0 
0 0 0 0 0 2 11 
0 0 0 0 0 0 5 
6 0 0 1 0 0 0 
0 0 0 0 0 9 13 
2 0 6 0 0 0 0 
0 0 0 0 0 1 6 
1 0 18 1 0 0 0 
0 0 0 5 0 0 0 
0 0 6 0 0 0 0 
14 1 112 0 0 0 0 
0 0 0 0 0 0 5 
0 0 0 0 0 0 12 
0 0 0 0 0 4 10 
0 0 0 0 0 10 18 
0 0 0 0 0 5 5 
0 0 0 0 0 4 7 
0 0 0 0 0 5 0 
0 0 0 0 0 0 6 
0 0 0 0 0 3 5 
0 0 0 0 0 9 0 
0 0 0 0 0 5 4 
0 0 0 0 0 2 6 
0 0 0 0 0 14 8 
0 0 0 0 0 7 0 
0 0 0 0 0 11 19 
0 0 0 0 0 17 1 
0 0 0 0 0 6 3 
0 0 0 0 2 7 12 
0 0 0 0 18 4 8 
0 0 0 0 2 19 33 
0 0 0 0 0 10 0 
0 0 0 0 1 2 5 
0 0 0 0 1 8 5 
0 0 0 0 5 0 0 
0 0 0 0 2 27 95 
0 0 0 0 2 20 2 
0 0 0 0 1 17 8 
0 0 0 0 2 17 12 
0 0 0 0 9 1 1 
0 0 0 0 2 11 4 
0 0 0 0 2 54 21 
0 0 0 0 4 5 6 
0 0 0 0 1 11 3 
0 0 0 0 0 8 5 
0 0 0 0 5 8 0 
0 0 0 0 2 16 13 
0 0 0 0 3 47 55 
0 0 0 0 1 11 10 
0 0 0 0 5 4 5 
0 0 0 0 5 2 1 
0 0 0 0 3 4 46 
0 0 0 0 3 50 27 
0 0 0 0 5 0 0 
0 0 0 0 2 6 14 
0 0 0 0 3 0 43 
0 0 0 0 0 13 5 
0 0 0 0 8 108 143 
3 0 0 0 0 1 9 
0 1 1 5 0 1 0 
0 0 0 12 0 0 0 
4 2 15 0 7 63 44 
4 0 12 12 0 0 0 
1 0 10 0 1 3 0 
6 0 1 1 0 1 0 
1 0 18 2 0 0 0 
0 0 0 0 1 2 5 
6 0 6 51 0 3 5 
11 1 1 7 0 0 0 
1 0 22 0 0 0 0 
4 0 2 6 0 0 1 
3 0 1 0 10 80 49 
112 15 393 35 0 0 0 
0 0 0 16 0 0 0 
0 0 5 7 0 0 0 
8 0 31 6 27 127 138 
0 0 0 0 1 4 7 
6 0 7 6 0 2 0 
2 0 3 0 0 14 49 
0 0 0 0 23 14 26 
1 0 6 0 0 0 0 
4 0 7 0 0 0 0 
0 0 470 0 0 0 0 
0 0 0 0 6 10 12 
0 0 0 0 1 6 5 
1 0 2 21 1 0 2 
2 0 0 0 4 6 2 
1 0 0 0 2 0 5 
8 17 12 0 0 0 0 
3 0 0 180 1 1 0 
0 0 0 7 0 0 0 
46 2 63 10 0 0 0 
36 6 43 15 0 0 0 
15 0 2 10 0 0 0 
1 0 0 0 0 7 5 
0 0 0 0 0 5 0 
2 1 12 3 0 1 0 
5 0 2 0 0 0 0 
1 0 0 6 0 1 1 
0 0 6 3 0 2 2 
0 0 0 0 1 23 21 
10 1 0 14 0 0 0 
8 0 3 0 0 2 0 
1 0 2 0 8 14 9 
2 0 12 1 0 0 0 
28 0 8 1 0 0 0 
11 1 77 29 7 28 8 
0 0 0 6 0 0 0 
9 25 3 25 0 0 0 
8 0 2 1 7 18 20 
0 0 0 7 0 0 0 
1 0 16 0 2 29 16 
14 5 1 54 0 0 0 
0 0 0 0 4 8 7 
12 0 0 0 1 0 1 
11 14 51 12 1 2 2 
2 0 8 1 0 0 0 
7 0 3 24 0 0 0 
0 0 0 7 1 4 1 
27 0 5 208 2 6 5 
7 0 56 12 0 0 0 
12 0 64 3 9 40 36 
12 0 31 23 0 0 0 
26 0 0 10 0 0 0 
0 0 0 0 7 31 19 
21 0 2 2 0 0 0 
0 0 6 1 2 4 1 
53 0 67 0 0 0 0 
0 0 0 4 4 3 6 
5 0 1 2 0 0 0 
4 0 0 6 0 0 0 
57 3 6 4 0 5 12 
5 0 1 15 0 0 0 
1 0 73 1 0 5 4 
1 0 1117 0 0 0 0 
16 7 208 0 2 1 3 
13 1 17 9 0 0 0 
15 0 3 0 1 0 0 
52 0 2 0 3 2 0 
9 1 7 11 26 40 26 
13 0 0 0 0 0 0 
21 0 26 7 0 0 0 
7 0 0 4 0 0 0 
0 0 10 0 0 0 0 
6 3 105 15 0 0 0 
22 0 19 37 0 3 4 
2 0 3 11 0 0 0 
2 0 0 11 0 0 0 
174 0 27 1 1 0 0 
18 0 1 3 0 0 0 
96 7 113 75 0 0 0 
3 0 5 38 0 1 0 
101 2 138 9 0 0 0 
22 0 9 6 0 0 0 
174 34 192 58 0 0 0 
17 0 97 26 0 2 0 
59 2 52 83 0 0 0 
12 2 42 17 8 18 5 
9 0 0 0 0 0 0 
7 3 3 1 2 68 95 
0 0 7 1 0 0 0 
8 0 21 8 0 0 0 
20 4 8 3 0 8 1 
0 0 0 0 1 5 2 
1 0 12 0 0 0 0 
1 0 3 3 1 23 7 
20 0 1 2 1 2 0 
9 0 27 7 0 4 1 
18 2 23 18 0 0 0 
2 0 172 7 0 0 0 
9 0 39 1 2 0 0 
0 0 0 0 2 9 3 
8 0 0 5 0 0 0 
14 2 112 57 0 1 0 
32 0 37 35 0 0 0 
0 0 0 0 0 7 1 
211 0 132 237 0 3 1 
96 1 198 137 12 139 121 
0 0 5 0 1 8 13 
2 0 0 1 1 6 3 
6 0 1 1 0 0 0 
40 5 82 57 0 4 6 
30 4 104 10 3 0 0 
0 0 0 6 0 0 0 
26 0 12 29 0 0 0 
6 2 0 3 0 0 0 
0 0 1 11 0 0 0 
27 23 22 7 0 0 0 
27 2 14 20 0 0 0 
0 0 0 8 0 0 0 
9 3 23 2 0 0 0 
2 0 10 0 0 0 0 
27 4 6 9 0 1 0 
0 0 52 0 0 0 0 
71 2 26 29 0 1 0 
531 29 571 413 0 0 1 
1 0 5 2 0 0 0 
0 0 0 7 0 0 0 
0 0 33 0 0 0 0 
106 14 60 238 0 3 2 
19 1 40 43 0 0 1 
0 0 0 0 0 13 12 
1 0 0 5 0 0 0 
46 0 63 252 0 0 0 
4 0 11 0 0 0 1 
23 0 2 2 0 0 0 
5 1 0 11 4 58 15 
12 0 2 0 0 0 0 
5 1 3 6 0 0 0 
13 0 0 0 0 0 0 
81 1 27 4 0 0 0 
43 0 3 24 0 0 2 
0 0 9 0 0 0 0 
5 0 31 0 15 1 3 
7 2 1 5 0 0 0 
0 0 1 12 0 0 0 
2 0 7 3 1 6 1 
1 0 0 0 10 14 10 
0 0 0 0 1 4 5 
10 0 1 3 0 0 0 
7 0 27 3 0 0 0 
23 1 30 40 1 2 0 
3 1 17 19 0 0 1 
12 0 22 28 11 35 32 
11 8 2 1 0 0 0 
7 0 1 2 1 17 10 
18 0 0 0 0 0 0 
0 0 7 0 0 0 0 
4 0 0 14 0 0 0 
654 165 639 364 1 7 6 
2 6 1 17 0 1 0 
0 0 16 0 0 0 0 
181 2 18 21 0 0 0 
27 16 62 25 158 80 67 
10 2 10 5 1 9 7 
0 0 5 0 0 0 0 
55 0 93 54 0 2 4 
3 0 0 5 0 0 0 
13 0 4 0 0 0 0 
7 2 1 1 0 0 0 
0 0 0 7 1 5 5 
6 11 11 5 2 1 0 
13 0 8 0 0 0 0 
125 4 25 52 1 15 7 
0 0 0 9 1 8 4 
26 1 142 75 5 53 37 
25 7 6 4 0 0 0 
4 0 10 3 5 17 22 
5 0 0 0 0 0 0 
14 1 18 49 9 18 13 
1 0 0 9 0 0 0 
70 1 539 9 0 0 0 
24 1 38 21 8 38 43 
85 29 82 102 0 2 1 
61 0 33 158 1 0 0 
9 3 9 19 0 0 0 
0 0 12 0 5 46 26 
0 0 0 5 0 0 0 
2 0 7 0 0 0 0 
3 0 14 0 0 0 0 
2 0 8 2 0 0 0 
63 18 17 883 1 1 2 
40 4 60 87 1 0 0 
0 0 0 0 3 15 9 
83 2 91 107 1 0 0 
1 0 5 10 0 0 0 
27 2 311 6 0 0 0 
10 0 0 0 0 6 1 
1 0 3 12 4 35 43 
7 0 7 0 0 0 0 
0 0 9 0 0 0 0 
0 0 0 5 0 0 0 
34 0 80 4 0 0 0 
87 0 1 32 0 0 0 
39 0 6 1 0 0 0 
8 0 0 5 0 0 0 
25 0 198 61 0 2 1 
9 0 10 22 0 0 0 
5 0 8 0 20 0 0 
49 0 229 42 0 1 0 
17 2 14 16 0 0 1 
0 0 29 0 0 0 0 
21 0 36 8 1 0 2 
27 0 40 30 3 9 14 
8 0 0 0 0 0 0 
30 0 4 4 0 5 6 
3 1 17 3 1 11 2 
0 0 0 0 0 8 4 
7 0 22 2 6 43 22 
3 4 5 12 106 61 27 
4 0 12 0 10 33 187 
8 2 110 13 5 58 31 
18 0 0 0 0 0 0 
59 1 14 25 0 0 0 
0 0 1 0 3 11 1 
5 0 164 0 0 0 0 
7 0 4 0 0 0 0 
0 0 23 0 0 0 0 
11 0 53 21 0 0 0 
14 4 32 8 0 0 0 
3 0 5 6 0 0 0 
0 0 0 37 0 0 0 
8 0 0 34 0 0 0 
75 2 351 900 0 23 41 
2 0 0 0 7 1 7 
0 0 0 0 0 11 8 
68 1 110 29 313 5 1 
5 0 17 21 0 0 0 
5 0 28 7 0 2 0 
4 0 7 2 0 1 1 
3 0 4 11 3 9 3 
30 0 25 0 0 0 0 
8 0 10 1 0 0 0 
17 0 0 10 0 0 0 
40 3 41 69 0 0 0 
0 0 0 1 1 9 3 
32 1 85 17 2 7 7 
6 1 12 5 0 2 0 
1 0 0 10 0 0 0 
13 2 40 18 0 0 0 
204 0 27 75 0 0 0 
100 2 338 61 0 0 0 
5 5 0 0 0 0 0 
7 0 1 10 0 0 0 
1 0 0 9 0 0 0 
2 1 19 5 0 0 0 
8 0 0 0 0 0 0 
3 0 1 5 0 0 0 
3 0 5 0 0 1 0 
0 0 8 0 10 37 37 
0 0 1 0 18 41 22 
0 0 0 1 7 13 11 
0 0 2 0 7 33 37 
0 5 0 3 0 0 0 
0 0 0 0 0 18 4 
0 0 0 14 0 0 0 
4 0 0 0 9 8 22 
0 1 13 0 0 0 0 
33 3 65 25 0 0 1 
6 0 5 0 0 0 0 
0 0 0 9 0 0 0 
0 0 37 0 0 0 0 
0 0 47 0 0 0 0 
8 0 0 0 0 0 0 
0 0 171 0 0 0 0 
0 0 10 0 4 13 15 
0 0 11 0 0 0 0 
0 0 6 0 0 0 0 
0 0 9 0 0 0 0 
0 0 1 5 0 0 0 
0 0 157 624 1 0 1 
5 0 0 0 0 9 3 
0 0 14 0 0 0 0 
1 0 7 0 2 78 57 
423 2 5 67 0 0 0 
0 0 20 0 0 0 0 
163 0 470 99 1 8 2 
0 0 1 1 8 20 7 
6 0 4 5 4 7 3 
0 0 5 0 0 0 0 
0 0 7 0 0 0 0 
0 0 42 0 0 0 0 
0 0 6 0 0 0 0 
0 0 0 0 0 7 2 
2 0 6 0 0 0 0 
0 0 10 0 0 0 0 
0 0 0 5 0 0 0 
0 0 5 0 3 3 0 
2 0 2 27 0 0 0 
0 0 0 0 6 14 17 
97 153 20 67 0 0 0 
6 0 1 2 0 0 0 
0 0 5 0 0 0 0 
0 0 1 1 1 1 6 
0 0 7 0 0 12 4 
0 0 4 2 0 4 6 
0 0 0 0 0 0 6 
0 0 10 0 0 0 0 
1 0 0 16 0 0 0 
0 0 1 0 1 5 0 
0 0 1 0 2 10 6 
37 6 43 110 2 8 7 
0 0 1 0 0 0 5 
0 0 0 0 4 23 29 
0 0 0 2 0 9 2 
0 0 0 1 8 46 68 
0 0 0 14 0 0 0 
0 0 1 0 1 36 45 
0 0 1 5 1 3 0 
0 0 0 6 0 0 0 
0 0 12 0 0 0 0 
0 0 1 2 2 26 20 
0 0 51 0 0 0 0 
0 0 6 0 0 0 0 
35 4 13 98 4 23 17 
0 0 7 0 0 0 0 
0 0 0 34 0 0 0 
0 0 0 36 0 0 0 
0 0 0 17 0 0 0 
0 0 0 32 0 0 0 
0 1 2 9 0 0 0 
0 0 1 5 1 1 1 
0 0 0 7 3 5 12 
0 0 0 13 0 0 0 
0 0 0 0 0 9 0 
0 0 0 6 0 0 0 
0 0 0 7 0 0 0 
0 0 0 12 0 0 0 
0 0 0 0 0 15 6 
0 5 0 38 0 0 0 
19 10 14 11 0 0 0 
0 0 0 5 0 0 0 
8 0 0 0 0 0 0 
9 1 4 0 1 13 13 
0 0 0 45 0 0 0 
0 0 0 7 0 12 8 
8 0 0 0 0 5 5 
10 1 14 7 0 0 0 
0 0 0 29 0 0 0 
2 0 3 21 2 0 2 
0 0 0 0 159 0 0 
0 0 0 0 8 6 3 
21 0 85 25 2 31 13 
0 0 0 0 9 41 10 
6 0 2 0 0 0 0 
233 2 192 66 0 0 0 
0 0 0 0 1 17 18 
0 0 0 0 2 3 7 
0 0 0 0 0 0 23 
0 0 0 0 0 3 5 
0 0 0 0 0 2 7 
0 0 0 0 0 8 0 
0 0 0 0 0 3 7 
0 0 0 0 0 5 0 
0 0 0 0 0 5 0 
0 0 0 0 0 5 3 
0 0 0 0 0 5 12 
0 0 0 0 0 11 5 
0 0 0 0 0 3 12 
0 0 0 0 0 10 5 
0 0 0 0 0 10 4 
0 0 0 0 0 5 1 
0 0 0 0 0 8 1 
0 0 0 0 0 5 1 
0 0 0 0 0 5 1 
0 0 0 0 0 5 4 
0 0 0 0 0 15 10 
0 0 0 0 0 5 5 
0 0 0 0 0 7 4 
0 0 0 0 0 10 1 
0 0 0 0 0 12 1 
0 0 0 0 0 5 3 
0 0 0 0 0 6 3 
0 0 0 0 0 3 5 
0 0 0 0 0 8 4 
0 0 0 0 0 6 1 
0 0 0 0 0 7 3 
0 0 0 0 0 12 7 
0 0 0 0 0 6 1 
0 0 0 0 0 8 5 
0 0 0 0 0 13 17 
0 0 0 0 0 10 15 
0 0 0 0 0 3 8 
0 0 0 0 0 26 17 
0 0 0 0 0 10 5 
0 0 0 0 0 13 19 
0 0 0 0 0 6 16 
0 0 0 0 0 28 17 
0 0 0 0 0 10 5 
0 0 0 0 0 6 0 
0 0 0 0 0 48 39 
0 0 0 0 0 9 8 
0 0 0 0 0 7 2 
0 0 0 0 1 6 4 
0 0 0 0 5 0 1 
0 0 0 0 1 2 5 
0 0 0 0 3 5 3 
0 0 0 0 4 36 25 
0 0 0 0 1 14 11 
0 0 0 0 3 7 3 
0 0 0 0 5 24 26 
0 0 0 0 1 7 38 
0 0 0 0 2 10 12 
0 0 0 0 13 15 14 
0 0 0 0 2 7 8 
0 0 0 0 8 13 12 
0 0 0 0 2 7 17 
0 0 0 0 3 8 7 
0 0 0 0 4 15 12 
0 0 0 0 3 15 11 
0 0 0 0 6 3 1 
0 0 0 0 12 8 4 
0 0 0 0 14 40 57 
0 0 0 0 2 29 26 
0 0 0 0 1 8 16 
0 0 0 0 3 8 2 
0 0 0 0 0 173 179 
0 0 0 0 103 14 13 
0 0 0 0 5 26 10 
0 0 0 0 0 1 14 
0 0 0 0 5 9 5 
0 0 0 0 3 12 0 
0 0 0 0 2 49 32 
0 0 0 0 6 62 20 
0 0 0 0 5 18 19 
0 0 0 0 4 39 19 
0 0 0 0 3 6 6 
0 0 0 0 5 1 2 
0 0 0 0 3 25 21 
0 0 0 0 3 17 5 
0 0 0 0 3 0 5 
0 0 0 0 4 4 8 
0 0 0 0 7 2 1 
0 0 0 0 1 5 4 
0 0 0 0 0 7 2 
0 0 0 0 8 3 8 
0 0 0 0 2 6 2 
0 0 0 0 4 7 3 
0 0 0 0 4 9 5 
0 0 0 0 8 12 8 
0 0 0 0 0 1 5 
0 0 0 0 0 21 27 
0 0 0 0 3 2 14 
0 0 0 0 5 7 6 
0 0 0 0 17 27 10 
0 0 0 0 0 10 5 
0 0 0 0 2 31 17 
0 0 0 0 0 13 14 
0 0 0 0 32 19 79 
0 0 0 0 1 31 23 
0 0 0 0 2 8 3 
0 0 0 0 3 9 6 
0 0 0 0 10 38 17 
0 0 0 0 23 0 0 
0 0 0 0 9 15 20 
0 0 0 5 0 0 0 
0 0 0 0 0 1 5 
0 0 0 6 0 0 0 
0 0 0 7 0 0 0 
0 0 0 9 0 0 0 
0 0 0 7 0 0 0 
0 0 0 21 0 0 0 
0 0 0 13 0 0 0 
0 0 0 17 0 0 0 
0 0 0 18 0 0 0 
0 0 0 0 11 0 0 
0 0 0 4 5 12 8 
0 0 0 9 0 0 0 
0 0 0 0 1 2 7 
0 0 0 1 12 21 17 
0 0 0 0 0 41 29 
0 0 0 0 0 5 2 
0 0 0 10 0 0 0 
0 0 0 0 6 8 15 
0 0 0 14 0 0 0 
0 0 0 12 0 0 0 
0 0 0 0 1 7 10 
0 0 0 7 0 0 0 
0 0 0 82 0 0 0 
0 0 0 0 73 188 42 
0 0 0 0 0 40 28 
0 0 0 5 0 0 0 
0 0 0 10 0 0 0 
0 0 0 0 0 2 6 
0 0 0 1 6 2 3 
0 0 0 0 7 35 21 
0 0 0 0 0 7 1 
0 0 0 23 0 0 0 
0 0 0 15 0 0 0 
0 0 0 6 0 0 0 
0 0 0 34 0 0 0 
0 0 0 6 0 0 0 
0 0 0 12 0 0 0 
0 0 0 45 0 0 0 
3 0 2 2 30 183 144 
2 0 58 12 0 0 0 
1 0 23 20 0 0 0 
0 0 131 0 0 0 0 
0 0 0 0 0 9 10 
1 0 10 0 0 0 0 
2 29 13 1 0 0 0 
4 0 0 0 241 420 461 
0 0 59 0 0 0 0 
1 0 11 3 3 1 1 
0 0 0 0 0 17 3 
1 0 4 6 5 96 124 
1 0 1 24 0 0 0 
5 5 9 8 3 15 31 
12 0 9 0 0 0 0 
1 0 9 0 0 0 0 
0 0 0 0 3 20 20 
0 0 0 0 0 145 0 
0 0 6 0 0 0 0 
6 0 0 0 0 0 0 
2 0 0 2 3 6 13 
0 0 0 0 0 0 5 
5 0 0 125 0 0 0 
2 0 21 3 0 1 1 
4 0 4 3 10 38 17 
0 0 1 1 0 6 4 
33 1 4 65 0 0 0 
0 0 11 3 0 2 1 
0 0 0 0 17 48 38 
4 0 6 151 0 0 0 
3 0 8 0 0 12 5 
20 0 25 50 0 0 0 
6 0 25 11 2 4 10 
4 0 7 4 0 2 0 
1 1 0 5 3 55 46 
0 0 0 0 4 22 36 
3 0 39 12 0 0 0 
3 1 6 14 0 0 0 
2 0 0 5 0 0 0 
5 0 0 0 0 0 0 
4 1 124 0 0 0 0 
1 0 0 0 9 37 22 
11 1 20 9 0 0 0 
5 43 39 0 0 0 0 
0 0 0 0 42 49 29 
10 0 0 0 0 0 0 
1 0 4 2 0 0 8 
1 0 0 0 11 97 48 
81 0 198 43 4 6 0 
8 0 3 12 1 5 0 
0 0 0 0 4 17 21 
0 0 9 0 0 7 11 
0 0 7 0 1 5 0 
6 0 0 0 0 0 0 
8 0 82 35 5 8 1 
6 0 1 0 0 3 3 
9 0 7 0 0 0 0 
13 0 0 0 0 0 0 
2 0 0 0 0 5 6 
6 0 24 14 0 0 0 
0 0 1 0 0 0 18 
7 0 6 0 0 0 0 
1 0 10 3 0 0 0 
2 0 6 4 6 106 93 
13 2 42 12 2 0 0 
0 0 0 0 0 6 0 
29 0 0 0 0 0 0 
0 0 6 0 0 0 0 
0 0 0 0 0 2 5 
0 0 0 9 0 0 0 
5 5 38 16 14 108 96 
0 0 0 0 7 1 0 
6 0 7 0 6 6 5 
1 0 9 8 0 5 3 
12 0 37 11 0 0 0 
40 4 80 151 10 25 32 
1 0 0 0 0 11 3 
7 0 2 45 0 0 0 
0 0 0 0 1 8 7 
7 0 20 3 0 1 0 
3 1 8 2 0 2 8 
30 2 216 38 0 0 0 
2 2 5 1 9 3 3 
0 0 0 35 0 0 0 
6 0 5 9 0 2 4 
1 4 47 1 14 120 84 
2 2 6 268 2 4 1 
100 4 263 73 1 4 9 
0 0 5 3 0 8 6 
1 0 0 13 0 0 0 
0 0 0 9 0 4 4 
48 0 36 13 9 44 50 
19 1 31 22 0 0 0 
12 5 0 2 0 0 0 
6 0 6 1 1 3 1 
0 0 4 0 13 43 44 
16 6 51 4 3 25 9 
0 0 0 0 1 11 6 
1 0 3 0 0 7 13 
93 1 90 283 1 5 6 
78 0 233 142 4 12 11 
5 0 1 7 54 72 75 
0 0 0 0 1 37 13 
0 0 0 0 1 5 2 
32 6 31 3 0 3 0 
35 14 23 67 7 1 6 
0 2 0 0 10 4 6 
3 5 115 39 7 29 20 
8 0 52 15 0 0 0 
50 3 117 9 1 1 3 
10 0 30 16 0 0 0 
1 0 1 0 4 11 2 
10 1 17 21 0 0 0 
1 0 0 2 9 31 29 
0 0 0 0 0 11 4 
12 14 204 15 1 2 0 
10 0 0 0 0 0 0 
5 0 0 0 3 9 18 
0 0 0 0 0 5 4 
7 0 6 0 0 0 0 
4 0 7 0 0 0 0 
2 0 2 14 0 0 0 
5 0 26 1 3 20 2 
24 0 6 23 0 5 7 
0 0 0 0 0 8 1 
2 0 0 1 5 3 0 
57 0 13 183 0 1 2 
39 4 41 35 0 0 1 
2 0 1 0 0 10 2 
14 0 0 21 0 0 0 
0 0 1 0 3 10 10 
1 0 1 1 5 1 29 
0 0 0 0 72 136 94 
0 0 2 1 2 10 15 
121 25 373 203 2 16 15 
65 1 84 4 0 2 7 
61 3 341 19 0 0 0 
0 0 0 0 7 3 2 
0 0 3 8 0 0 0 
50 2 70 35 2 4 5 
44 3 265 25 1 3 0 
2 0 0 0 0 7 0 
5 0 11 1 0 0 0 
7 0 7 1 0 0 0 
0 0 10 0 0 0 0 
1 0 9 0 5 73 26 
10 0 5 3 0 0 0 
0 0 0 0 1 0 5 
62 1 5 27 0 0 0 
0 0 0 0 0 16 6 
0 0 0 0 39 35 47 
0 0 0 10 0 0 0 
0 0 13 0 0 0 0 
0 0 4 74 0 0 0 
0 0 0 0 3 8 10 
60 0 2 58 0 3 1 
9 0 8 7 4 18 10 
2 1 19 2 0 0 0 
22 0 60 27 1 0 0 
21 0 40 25 0 1 0 
0 0 0 0 0 9 1 
0 0 0 10 1 6 5 
102 7 215 147 0 1 1 
57 0 5 12 0 0 0 
471 66 674 653 13 106 140 
1 0 6 14 10 22 35 
8 6 11 2 9 24 18 
92 12 303 72 0 0 0 
40 1 0 0 0 0 0 
4 0 0 0 3 1 5 
29 4 82 22 18 36 35 
226 0 122 36 1 1 0 
3 0 7 0 0 0 0 
167 0 0 5 4 30 17 
9 0 1 32 0 0 0 
4 1 9 6 0 0 0 
1 0 1 9 1 22 14 
2 0 12 1 25 88 62 
1 0 0 2 1 10 20 
2 0 8 1 0 0 0 
15 0 25 41 4 31 42 
147 1 801 11 0 0 1 
8 11 33 13 1 1 1 
16 2 49 12 0 8 2 
0 0 0 0 0 1 7 
7 3 287 14 5 46 14 
74 0 33 288 1 12 8 
7 0 6 7 17 36 63 
5 0 7 5 0 0 0 
37 0 0 0 0 0 0 
0 0 5 6 0 0 0 
10 0 60 17 0 0 0 
36 1 1 68 0 0 0 
153 24 144 283 1 2 0 
16 0 2 0 8 73 83 
0 0 0 0 2 5 3 
91 0 86 29 0 0 2 
0 0 0 0 4 5 39 
127 0 52 37 3 5 2 
0 0 0 0 1 11 2 
0 0 6 1 3 8 2 
1 0 0 249 0 0 0 
5 1 0 13 2 13 26 
4 2 1 0 0 5 3 
0 0 0 0 3 11 6 
5 0 0 0 0 0 0 
11 0 0 0 0 0 0 
1 0 12 2 2 37 16 
1 0 0 0 4 0 8 
11 0 1 36 5 82 24 
0 0 1 1 7 20 20 
3 0 3 18 0 1 0 
2 1 12 1 0 0 0 
137 6 177 67 0 0 0 
13 0 50 1 9 29 17 
349 0 259 262 0 5 2 
7 0 1 4 0 0 0 
1 0 8 0 2 0 1 
4 0 4 0 4 17 7 
28 0 37 20 0 0 0 
8 0 18 7 3 47 32 
10 0 55 9 0 0 0 
10 0 1 4 1 0 4 
0 0 27 0 0 0 0 
0 0 0 0 0 7 0 
1 0 0 0 1 6 7 
6 0 0 59 1 2 2 
14 0 0 0 0 0 0 
0 0 6 0 0 0 0 
11 0 28 12 14 37 19 
0 0 0 0 2 28 13 
87 0 112 61 0 0 11 
16 0 98 42 2 2 1 
5 0 0 0 0 0 0 
4 0 0 0 1 8 17 
16 1 9 9 2 21 14 
0 1 0 0 3 1 14 
0 0 10 0 5 49 25 
4 0 3 8 0 0 0 
0 0 0 13 0 0 0 
1 0 4 26 2 0 0 
3 0 17 3 0 3 1 
0 0 0 6 0 0 0 
5 0 2 2 0 0 0 
191 12 174 158 0 0 0 
34 0 33 126 0 12 15 
0 0 0 0 1 10 1 
5 24 0 0 0 0 0 
10 59 26 2 0 0 0 
5 0 10 0 0 0 0 
0 0 0 0 3 3 6 
2 0 2 0 1 2 7 
2 0 8 0 0 0 0 
6 2 89 1 6 14 8 
2 0 0 4 3 16 3 
17 0 39 0 0 0 0 
21 1 0 6 0 0 0 
15 0 0 357 0 0 0 
0 0 2 1 12 76 66 
6 0 2 0 0 0 0 
31 1 45 25 0 0 0 
0 0 0 5 0 0 0 
2 1 9 1 1 4 3 
6 0 2 0 13 15 16 
0 0 5 3 0 0 0 
0 0 6 0 9 50 77 
5 0 0 0 2 2 0 
0 0 1 0 5 10 16 
1 0 9 18 0 0 0 
0 0 0 0 11 8 3 
0 0 5 0 1 21 23 
2 0 0 40 8 3 0 
22 1 22 13 0 0 0 
338 9 194 559 0 0 0 
18 0 10 19 3 5 2 
5 0 23 0 0 0 0 
2 0 21 0 0 0 0 
13 1 9 9 0 0 0 
8 0 0 0 0 0 0 
0 0 0 24 0 0 0 
0 0 5 0 0 4 3 
22 2 36 7 0 0 0 
2 0 6 10 0 1 0 
0 0 23 14 2 2 0 
27 3 20 15 0 0 0 
3 0 1 15 2 11 6 
44 0 7 13 0 3 0 
3 0 0 14 0 0 0 
1 0 0 49 0 0 0 
9 0 7 0 0 0 0 
2 0 0 0 1 6 10 
0 0 11 0 1 3 0 
3 0 4 6 0 2 0 
6 0 3 0 0 0 0 
5 2 44 64 1 2 1 
25 2 8 44 0 0 1 
0 0 3 39 7 56 76 
0 0 1 0 0 4 6 
0 0 2 0 3 8 0 
0 0 5 0 0 0 0 
2 8 0 84 0 0 0 
15 0 52 20 0 24 6 
0 0 0 13 46 121 100 
7 0 2 0 0 0 0 
20 2 81 19 0 0 0 
55 1 57 14 0 0 0 
0 0 0 1 2 3 8 
16 4 19 34 10 38 27 
10 0 0 2 11 0 1 
0 0 0 60 0 0 0 
1 0 12 1 2 2 0 
1 0 3 0 30 168 168 
3 2 16 2 0 0 0 
0 0 0 11 0 0 0 
1 0 27 0 0 0 0 
0 0 1 0 2 14 9 
8 0 3 19 0 0 2 
1 0 0 7 0 4 2 
0 0 1 0 7 43 31 
0 0 1 0 2 7 7 
1 0 2 0 1 13 10 
0 0 0 0 6 2 3 
0 0 25 0 0 0 0 
0 0 0 0 3 8 6 
0 0 0 0 6 19 6 
12 0 0 0 0 6 1 
8 0 57 5 0 0 0 
47 24 17 99 0 3 1 
0 0 0 0 28 19 22 
1 0 0 0 6 44 37 
0 0 0 0 0 5 1 
0 0 0 0 3 24 8 
2 0 1 0 3 26 11 
47 0 31 75 0 0 0 
0 0 0 0 4 9 20 
3 0 0 5 0 0 0 
1 0 7 3 0 0 1 
0 0 0 10 0 1 3 
0 0 1 0 5 14 14 
0 0 0 9 0 0 0 
0 0 0 1 1 81 79 
1 0 0 0 3 20 13 
0 0 0 0 0 8 0 
0 0 0 0 0 7 0 
0 1 6 0 0 0 0 
1 0 2 1 3 15 9 
2 0 10 0 0 0 0 
57 1 1 54 0 1 0 
5 0 0 0 0 0 0 
0 0 2 5 0 0 0 
3 8 0 0 0 0 0 
0 0 0 0 0 3 5 
0 6 5 0 1 0 0 
0 1 49 0 4 45 55 
0 1 3 29 0 1 0 
7 0 2 0 3 27 17 
0 0 3 2 2 2 7 
0 1 0 0 1 14 10 
0 0 0 0 0 4 6 
5 1 33 19 4 7 10 
0 0 4 0 3 54 44 
13 2 0 18 1 0 0 
0 0 0 0 0 12 16 
0 1 91 2 0 0 0 
0 7 1 12 0 0 0 
0 0 0 0 1 6 4 
0 1 0 0 9 30 20 
0 0 6 0 0 23 20 
1 0 1 0 2 17 6 
0 0 49 18 0 6 7 
2 0 23 9 0 0 1 
0 0 12 1 0 18 9 
261 3 164 759 4 35 16 
0 0 10 2 0 42 48 
0 0 22 16 0 0 0 
0 0 5 6 0 0 0 
0 0 84 0 0 0 0 
0 0 1 0 11 11 6 
0 0 0 9 0 0 0 
0 0 9 0 0 0 0 
0 0 15 0 0 0 0 
5 0 32 8 3 44 26 
0 0 2 0 14 97 48 
4 0 14 5 0 0 0 
0 0 4 1 1 11 13 
6 0 12 1 0 0 0 
0 0 6 0 0 0 0 
0 0 0 0 0 13 9 
0 0 2 16 0 0 0 
0 0 0 0 20 32 28 
6 0 44 15 0 0 0 
0 0 9 1 0 0 0 
0 5 0 14 0 0 0 
0 0 1 0 3 13 14 
0 0 0 0 2 5 4 
0 0 12 1 4 0 0 
0 0 8 2 0 0 0 
0 0 8 1 26 104 69 
0 0 8 0 1 13 10 
0 0 0 0 5 15 11 
1 0 6 0 0 3 0 
0 0 6 0 0 0 0 
0 0 1 0 2 15 6 
0 0 8 0 4 12 18 
13 0 1 0 0 0 0 
202 22 91 323 0 0 0 
0 0 0 0 5 32 11 
32 7 1 22 0 0 0 
0 0 18 2 0 0 0 
0 0 0 0 0 6 0 
0 0 2 0 2 29 8 
20 0 13 115 3 18 6 
0 0 1 0 0 0 10 
28 0 1 0 0 0 0 
0 0 1 10 0 0 0 
0 0 0 0 0 0 6 
0 0 16 0 0 0 0 
8 25 3 23 0 2 0 
0 0 6 0 0 0 0 
0 0 6 0 3 7 9 
0 0 0 0 0 15 0 
9 0 0 0 0 0 0 
0 0 30 22 0 0 0 
0 0 10 0 0 0 0 
0 0 10 0 0 0 0 
0 0 0 0 0 1 5 
0 0 0 9 0 0 0 
51 7 32 105 0 0 0 
0 0 0 7 0 0 0 
42 3 215 91 5 4 3 
13 0 1 7 0 0 0 
64 0 6 2 0 0 0 
0 0 1 0 0 3 5 
0 0 0 0 0 4 6 
3 0 0 3 11 75 46 
2 0 0 4 3 11 6 
0 0 3 0 4 15 4 
3 0 62 0 0 0 0 
0 0 1 0 0 12 7 
0 0 0 0 1 43 36 
0 0 5 0 0 0 0 
5 3 3 12 0 0 0 
0 0 1 0 0 87 82 
0 0 0 0 0 12 3 
0 0 0 0 0 2 11 
6 0 0 0 0 0 0 
13 0 36 6 0 0 0 
0 0 0 0 1 1 6 
0 0 1 0 4 10 10 
38 0 42 93 1 4 3 
34 0 0 1 0 0 0 
0 0 2 12 7 1 0 
0 0 1 7 0 3 1 
0 0 0 0 0 28 8 
0 0 0 0 0 11 12 
3 0 13 4 0 1 1 
0 0 0 43 0 0 0 
3 0 4 6 0 0 0 
3 0 8 0 0 0 0 
0 0 0 93 0 0 0 
0 0 0 3 0 16 12 
131 5 136 168 22 97 49 
2 0 6 0 0 0 0 
0 0 0 0 0 0 5 
0 0 0 0 0 0 13 
5 0 1 5 0 0 0 
0 0 11 0 1 28 24 
0 0 47 0 0 0 0 
0 0 9 0 0 0 0 
0 0 7 0 1 5 5 
0 0 6 0 0 0 0 
0 0 0 0 6 3 2 
0 0 6 1 5 3 2 
0 0 2 3 18 86 67 
0 0 28 13 0 1 0 
0 0 20 4 0 0 0 
2 0 1 4 2 32 17 
0 0 6 1 2 29 20 
0 0 1 0 2 7 19 
0 0 9 0 0 0 0 
0 0 13 0 0 0 0 
0 0 6 0 1 10 3 
1 0 0 0 2 12 4 
5 0 14 8 1 0 0 
659 63 925 2099 0 0 0 
0 0 0 0 186 290 225 
2 0 7 4 1 5 8 
15 0 55 27 2 9 4 
0 0 6 0 3 24 12 
2 0 16 1 0 4 0 
5 0 27 6 0 0 0 
1 0 13 4 5 2 2 
2 0 47 1 10 43 11 
0 0 0 5 0 0 0 
52 0 12 137 0 0 0 
2 0 18 6 0 0 1 
6 0 1 1 0 0 0 
7 0 0 0 0 0 0 
0 0 0 0 0 0 6 
1 3 15 16 0 0 0 
1 0 8 0 1 0 0 
7 0 96 0 0 0 0 
1 0 14 0 0 0 0 
2 0 42 8 0 0 0 
10 0 80 31 6 146 133 
49 1 81 19 0 0 0 
2 1 21 0 0 0 0 
0 0 22 1 4 4 2 
0 0 0 0 4 25 14 
0 0 0 2 5 3 2 
7 0 20 11 1 12 7 
1 0 4 19 0 0 0 
8 0 0 0 0 0 0 
2 0 14 1 0 0 0 
0 0 0 0 2 13 18 
10 0 5 2 0 0 0 
0 0 0 0 0 5 0 
0 0 0 0 0 9 5 
4 0 7 0 0 0 0 
0 0 0 0 1 5 1 
1 0 5 0 0 0 0 
10 0 1 62 0 0 0 
0 0 0 0 0 1 5 
5 0 1 5 0 0 0 
35 0 97 107 5 16 24 
7 0 35 5 0 0 0 
158 2 260 144 21 21 16 
7 0 1 0 1 0 0 
0 0 0 0 1 0 10 
1 0 16 0 0 0 0 
0 0 6 0 0 0 0 
10 1 0 0 7 2 0 
49 0 41 36 1 2 8 
1 0 5 0 0 0 2 
16 4 128 16 0 0 0 
9 0 47 6 1 0 0 
24 2 18 39 0 2 0 
33 0 5 4 12 21 29 
36 0 1 0 0 0 0 
4 0 8 2 0 0 0 
1 1 0 40 0 0 0 
8 1 8 9 8 7 4 
0 0 9 0 0 0 0 
0 0 2 0 1 8 6 
7 0 22 3 0 2 2 
45 2 16 130 0 0 0 
0 0 0 7 0 0 0 
1 1 1 0 2 31 29 
11 1 14 20 0 0 0 
26 0 5 22 0 2 6 
0 0 0 0 0 6 3 
12 0 21 4 0 0 0 
5 0 2 0 0 0 0 
15 5 20 47 0 0 0 
4 0 7 0 0 0 0 
54 1 17 75 4 2 3 
6 0 9 3 2 1 2 
1 0 10 9 0 6 4 
45 5 296 67 0 0 0 
14 0 3 7 0 1 0 
9 0 4 13 0 0 0 
9 0 2 0 0 0 0 
2 2 6 0 0 0 0 
0 0 0 9 0 0 0 
126 11 156 145 0 0 0 
8 0 10 14 2 13 6 
105 64 144 26 0 0 0 
5 1 10 1 0 1 0 
35 3 81 78 0 0 2 
240 8 104 169 0 0 0 
0 0 0 0 7 0 0 
40 0 42 16 0 0 0 
6 0 0 0 0 0 0 
10 0 67 21 1 0 0 
16 1 15 1 0 0 0 
0 0 5 0 0 0 0 
1 0 2 23 0 0 0 
38 1 54 41 0 0 2 
12 1 3 0 0 0 0 
6 0 11 4 16 49 19 
13 1 25 10 0 0 0 
0 0 5 0 0 0 0 
19 0 0 0 0 0 0 
5 0 0 0 0 0 0 
24 0 71 55 1 5 0 
13 0 54 119 7 2 0 
0 0 0 0 0 6 4 
22 0 0 2 0 0 0 
0 0 8 2 0 0 0 
9 0 8 16 0 0 0 
34 1 14 63 0 0 0 
1 0 5 0 0 0 0 
7 1 0 9 0 0 0 
272 0 78 15 0 0 0 
0 0 0 1 11 28 15 
48 1 10 9 0 0 0 
26 0 2 199 0 5 9 
0 0 0 5 0 0 0 
2 1 13 26 0 0 0 
0 0 1 0 5 16 11 
3 0 5 1 0 0 0 
7 0 3 3 0 3 4 
2 0 1 22 0 0 2 
12 0 31 3 4 10 3 
0 0 5 3 0 0 0 
0 0 0 0 0 2 13 
17 0 48 24 1 9 7 
42 0 0 0 0 0 5 
46 1 0 7 0 0 0 
9 0 0 0 0 0 0 
2 0 2 9 0 1 0 
2 0 9 0 0 0 0 
7 0 13 7 0 0 0 
221 4 127 84 0 0 0 
2 0 0 36 0 0 0 
8 0 0 16 1 1 1 
50 4 152 88 28 278 233 
10 0 60 26 1 4 6 
42 0 24 58 0 0 0 
48 0 11 6 0 0 0 
53 5 61 55 21 30 11 
16 0 4 11 4 22 18 
0 0 0 0 5 0 0 
31 10 9 62 0 0 0 
1 0 26 9 1 4 2 
21 27 10 1 318 3 2 
17 2 79 7 0 0 0 
6 0 0 1 0 1 0 
46 29 147 107 0 0 0 
0 0 8 0 0 0 0 
2 0 0 11 0 4 8 
14 1 16 4 0 0 0 
34 1 26 15 0 6 4 
1 0 7 22 0 0 0 
2 0 10 1 5 47 18 
4 1 7 12 0 0 0 
20 0 1 12 0 0 0 
2 0 0 12 0 0 0 
8 0 6 8 0 0 0 
13 0 46 12 0 2 7 
11 0 32 4 0 0 0 
5 0 5 5 1 0 0 
4 0 0 5 0 0 0 
14 0 116 11 0 0 0 
1 0 0 5 3 64 39 
0 0 17 0 0 0 0 
0 0 0 0 2 17 19 
5 0 28 101 1 2 2 
0 0 8 5 2 4 3 
65 5 80 56 16 140 126 
6 0 4 0 0 0 0 
17 0 3 24 0 0 0 
7 0 1 11 0 3 1 
6 0 3 0 0 0 0 
0 0 0 0 0 1 6 
0 0 0 270 0 0 0 
8 0 0 0 0 0 0 
0 0 6 8 0 0 1 
19 1 101 21 1 6 5 
0 0 1 10 0 15 8 
11 0 1 0 0 0 0 
14 1 13 31 1 5 6 
102 4 173 50 0 0 0 
0 0 5 0 0 0 0 
1 0 8 369 0 1 0 
0 0 1 5 0 0 0 
0 0 8 1 19 98 77 
0 0 0 0 2 14 14 
0 0 47 0 0 0 0 
9 0 67 45 0 1 0 
17 1 0 6 0 0 0 
0 0 0 0 0 14 0 
0 0 0 0 0 12 0 
0 0 5 1 0 0 0 
5 0 0 1 0 0 0 
0 0 5 0 0 0 0 
2 0 3 5 0 2 0 
0 0 0 0 3 0 6 
48 18 125 74 20 135 100 
6 1 1 0 0 0 0 
5 0 1 1 0 3 0 
25 0 25 12 0 0 0 
13 0 39 94 0 5 6 
0 0 5 0 0 0 0 
0 0 0 0 2 7 4 
0 0 1 0 4 3 7 
0 0 0 5 0 0 0 
0 0 2 0 0 5 12 
0 0 0 0 2 21 18 
12 1 3 18 1 2 4 
10 1 2 7 4 7 2 
0 0 5 0 0 0 0 
0 0 2 9 0 0 0 
8 0 0 2 0 0 0 
0 0 0 12 0 0 0 
1 0 50 2 0 0 0 
0 0 0 5 0 0 0 
1 0 0 0 0 5 2 
0 0 0 7 0 0 0 
24 0 4 0 0 0 0 
0 0 0 25 0 0 0 
0 0 0 57 0 0 0 
0 0 0 5 0 0 0 
13 0 11 0 0 0 0 
69 0 87 0 0 0 0 
0 0 0 20 0 0 0 
0 0 0 18 0 0 0 
0 0 0 40 0 0 0 
0 0 0 0 1 12 12 
0 0 0 0 10 14 22 
0 0 0 0 1 4 6 
0 0 0 0 1 2 5 
0 0 0 0 8 4 5 
0 0 0 0 11 21 28 
0 0 0 0 9 0 4 
0 0 0 0 7 27 18 
0 0 0 0 1 6 1 
0 0 0 0 2 5 12 
0 0 0 1 0 3 5 
0 0 0 0 0 0 5 
35 0 24 15 0 0 0 
0 0 0 0 6 11 5 
0 0 0 0 4 14 4 
0 0 0 0 1 11 17 
0 0 0 0 7 0 0 
7 0 0 16 0 0 0 
0 0 0 0 1 16 0 
0 0 0 0 51 0 9 
47 0 3 0 0 0 0 
23 0 4 0 0 0 0 
0 0 0 0 1 10 3 
0 0 0 0 0 17 4 
0 0 0 0 1 5 6 
9 2 7 20 36 48 49 
54 5 53 68 0 0 1 
0 0 0 0 0 9 6 
0 0 0 0 1 10 0 
0 0 0 0 2 24 19 
0 0 0 0 5 0 25 
0 0 0 0 1 12 10 
0 0 0 0 1 5 3 
0 0 0 0 0 8 2 
0 0 0 0 0 8 2 
37 1 52 71 0 0 0 
0 0 0 0 0 7 7 
0 0 0 0 0 3 5 
0 0 0 0 0 6 2 
0 0 0 0 0 0 6 
0 0 0 0 0 0 13 
0 0 0 0 0 0 10 
0 0 0 0 0 6 0 
0 0 0 0 0 11 7 
0 0 0 0 0 3 5 
0 0 0 0 0 13 1 
0 0 0 0 0 1 7 
0 0 0 0 0 14 13 
0 0 0 0 0 8 2 
0 0 0 0 0 10 6 
0 0 0 0 0 5 3 
0 0 0 0 0 9 0 
0 0 0 0 0 22 0 
0 0 0 0 1 14 4 
0 0 8 0 0 0 0 
0 0 0 0 2 15 5 
0 0 0 0 2 36 29 
0 0 0 0 0 0 7 
0 1 17 0 0 0 0 
39 3 113 44 0 0 1 
0 0 0 0 9 2 14 
0 0 0 0 2 3 9 
0 1 0 126 0 0 0 
17 0 0 0 0 0 0 
0 0 2 21 0 0 0 
1 0 0 0 5 6 12 
0 0 14 0 0 0 0 
1 0 0 9 0 0 0 
7 2 40 1 0 6 3 
1 0 0 0 0 8 8 
1 0 1 7 13 56 43 
9 0 2 0 0 0 0 
0 0 9 0 0 0 0 
7 0 0 0 0 0 0 
3 0 3 5 0 0 0 
0 0 0 0 28 351 264 
1 0 3 5 0 0 0 
0 0 0 0 4 19 17 
5 0 0 0 0 0 0 
4 0 11 1 0 0 0 
0 0 0 5 1 0 0 
9 0 0 0 0 0 0 
5 0 13 0 0 0 0 
23 2 45 61 2 18 2 
1 0 0 0 14 32 58 
2 0 24 7 0 2 5 
0 0 0 5 0 0 0 
0 0 0 0 5 0 0 
0 0 0 0 1 6 8 
0 0 0 7 0 0 0 
0 0 0 8 0 0 0 
13 0 0 0 0 0 0 
8 1 11 10 0 3 3 
32 1 12 17 0 0 0 
67 4 191 3 0 2 0 
0 0 0 0 0 17 41 
0 0 1 0 4 10 10 
18 0 0 0 0 0 0 
0 0 0 5 0 0 0 
3 0 9 2 1 27 6 
60 2 112 54 2 27 13 
14 0 1 3 19 27 32 
2 0 2 5 0 0 0 
18 8 0 32 0 0 0 
0 0 1 0 0 9 1 
91 0 4 7 0 0 0 
0 0 3 0 3 20 4 
0 0 0 0 0 0 17 
0 0 0 0 2 5 8 
4 0 315 3 0 0 0 
0 1 27 13 3 0 0 
167 0 107 158 0 16 11 
0 0 36 0 0 2 0 
42 18 95 44 11 144 124 
135 4 156 124 0 26 30 
6 0 1 0 23 75 89 
40 0 0 0 0 0 0 
5 0 65 4 1 4 12 
10 0 1 0 0 0 0 
8 0 0 0 0 0 0 
64 9 427 45 0 0 0 
1 0 4 0 3 73 12 
73 0 54 189 1 3 1 
9 1 67 21 41 227 151 
5 8 1 0 0 1 0 
9 0 19 8 0 2 6 
4 0 3 1 4 10 11 
0 0 0 0 1 16 15 
50 0 19 87 0 0 0 
5 0 11 35 170 389 338 
3 0 0 26 0 0 0 
0 0 5 0 0 0 0 
44 0 77 47 0 0 0 
9 0 3 0 5 32 21 
0 0 0 0 0 21 0 
92 9 97 59 11 41 32 
0 0 0 0 4 0 12 
0 9 0 1 0 0 0 
0 0 7 0 0 0 0 
3 0 35 0 0 0 0 
1 0 48 1 0 2 3 
10 1 28 16 28 123 100 
8 1 2 8 0 0 0 
1 0 1 49 1 1 5 
7 1 27 2 20 23 21 
17 0 12 0 0 0 0 
13 0 8 0 1 8 20 
6 0 6 1 1 37 33 
2 0 13 61 0 2 1 
0 0 0 5 0 0 0 
8 0 27 1 10 44 34 
13 0 0 0 0 0 0 
0 0 9 1 0 1 3 
28 3 58 38 2 8 0 
6 1 53 23 23 203 163 
0 0 5 0 0 0 0 
0 0 0 5 0 0 0 
18 0 0 0 0 0 0 
40 0 59 9 3 23 11 
13 3 23 112 4 3 2 
9 0 2 1 0 29 22 
8 9 0 4 0 0 0 
55 15 87 14 2 0 0 
4 0 20 5 0 0 0 
4 0 0 9 18 187 150 
16 4 39 14 0 0 3 
17 1 88 50 7 0 2 
45 2 29 308 1 7 1 
15 0 0 0 2 5 0 
0 0 0 1 13 60 35 
178 4 891 7 1 56 35 
45 10 205 13 32 41 41 
0 0 1 0 0 4 7 
0 0 7 0 0 0 0 
0 0 1 0 14 46 45 
0 0 0 8 0 0 0 
0 0 0 0 17 37 26 
0 0 0 5 0 0 0 
0 0 0 0 2 3 8 
0 0 6 0 0 0 0 
0 0 0 0 0 5 2 
0 0 0 10 0 0 0 
0 0 4 1 9 32 25 
0 0 0 0 1 23 11 
0 0 0 12 0 0 0 
0 0 14 0 1 0 0 
0 0 9 0 0 0 0 
0 0 0 5 0 0 0 
0 0 9 0 0 0 0 
4 1 88 2 0 0 0 
0 0 0 1 1 5 1 
1 0 5 0 0 0 0 
0 0 0 0 3 9 5 
0 0 6 0 0 0 0 
0 0 0 1 0 5 4 
0 0 0 0 3 5 4 
25 0 0 0 0 0 0 
0 0 1 0 1 7 13 
0 0 2 1 0 8 5 
0 0 1 0 1 3 5 
0 0 0 0 0 1 5 
11 0 11 28 0 1 0 
0 0 0 15 0 0 0 
0 0 0 0 12 0 0 
0 0 0 8 0 0 0 
0 0 0 1 1 43 46 
0 0 0 10 0 0 0 
0 0 0 48 0 0 0 
0 0 0 16 0 0 0 
0 0 0 15 0 0 0 
0 0 0 0 0 8 0 
0 0 0 11 0 0 0 
0 0 0 1 0 6 8 
0 0 0 0 0 11 7 
0 0 0 10 0 0 0 
6 0 10 10 0 0 0 
0 0 0 0 0 10 9 
37 4 197 121 1 0 1 
0 0 0 0 12 23 21 
0 0 0 0 5 139 110 
0 0 0 0 5 4 4 
0 0 0 0 2 0 12 
0 0 0 0 14 66 58 
0 0 0 0 4 13 2 
0 0 0 0 3 16 15 
1 0 0 0 6 29 72 
0 0 0 0 5 0 2 
0 0 0 18 0 0 0 
0 0 0 0 4 17 27 
1 0 0 6 0 0 0 
0 0 0 7 0 0 0 
0 0 0 0 8 29 13 
0 0 0 0 4 6 4 
0 0 0 0 0 0 9 
0 0 0 0 3 17 7 
26 1 165 75 6 37 58 
0 0 0 0 64 178 67 
0 0 0 0 9 11 6 
0 0 0 0 14 0 2 
0 0 0 0 0 0 17 
0 0 0 0 0 6 6 
0 0 0 0 0 6 0 
0 0 0 0 0 5 1 
0 0 0 0 0 4 10 
0 0 0 0 0 7 1 
0 0 0 0 0 5 6 
0 0 0 0 0 8 3 
0 0 0 0 0 8 2 
0 0 0 0 0 2 24 
0 0 0 0 0 19 7 
0 0 0 0 0 18 5 
0 0 0 0 0 11 0 
0 0 0 0 0 8 19 
0 0 0 0 1 12 8 
0 0 0 0 1 4 6 
0 0 0 0 1 6 4 
0 0 0 0 2 6 3 
0 0 0 0 5 8 2 
0 0 0 0 9 0 0 
0 0 0 0 1 6 18 
0 0 0 0 3 21 11 
0 0 0 0 2 10 9 
0 0 0 0 0 7 7 
0 0 0 0 5 6 12 
0 0 0 0 6 17 21 
0 0 0 0 3 8 2 
0 0 0 0 1 6 0 
0 0 0 0 0 6 3 
0 0 0 0 7 21 25 
0 0 0 0 6 0 2 
0 0 0 0 2 7 7 
0 0 0 6 0 0 0 
0 0 0 5 0 0 0 
0 0 0 0 1 3 21 
0 0 0 6 0 0 0 
0 0 0 2 5 6 6 
0 0 0 15 0 0 0 
0 0 0 8 0 0 0 
0 0 0 40 0 0 0 
0 0 0 6 0 0 0 
0 0 0 0 0 15 122 
0 0 0 26 0 0 0 
0 0 0 7 0 0 0 
0 0 0 39 0 0 0 
0 0 0 9 12 73 124 
0 0 0 6 0 0 0 
0 0 0 0 0 9 0 
0 0 0 6 0 0 0 
0 0 0 2 1 5 13 
0 0 0 5 0 0 0 
0 0 0 21 0 0 0 
0 0 0 5 0 2 0 
0 0 0 304 0 0 0 
0 0 0 57 0 0 0 
0 0 0 461 0 0 0 
0 0 0 144 0 0 0 
0 0 0 14 0 0 0 
0 0 0 2 1 22 32 
0 0 0 0 0 7 3 
0 0 0 0 4 38 23 
0 0 0 7 0 0 0 
1 0 39 6 0 0 0 
4 0 8 49 0 0 0 
0 0 0 0 1 19 39 
3 0 0 6 0 0 0 
8 0 4 5 0 0 0 
250 0 596 20 2 3 2 
0 0 0 0 2 5 2 
86 12 582 75 0 0 1 
2 0 6 20 0 0 0 
0 0 0 0 1 6 3 
325 2 4 186 0 0 0 
9 1 0 0 0 0 0 
3 0 2 4 7 21 4 
0 0 0 5 0 0 0 
2 0 2 13 0 0 0 
0 0 0 10 0 0 0 
0 1 0 0 0 7 2 
0 0 6 0 0 0 0 
217 132 6 1149 1 0 0 
0 0 0 0 1 8 18 
0 0 2 0 39 57 113 
0 0 0 0 1 27 52 
13 0 3 1 0 0 0 
1 0 0 40 0 0 0 
0 0 1 0 2 12 8 
7 0 16 0 65 352 287 
8 0 0 0 0 0 0 
5 0 0 0 0 0 0 
0 0 5 1 0 0 0 
7 0 0 0 0 0 0 
7 2 47 0 0 0 0 
2 0 0 25 0 0 0 
7 2 10 17 0 1 3 
0 0 0 0 13 37 17 
0 0 0 6 0 0 0 
1 0 10 0 0 0 0 
0 0 0 0 1 5 1 
1 0 1 0 2 5 7 
0 0 3 0 5 19 17 
0 0 1 0 4 8 13 
8 0 4 4 100 235 287 
3 0 45 0 0 8 1 
6 0 58 3 12 23 22 
0 0 6 0 0 0 0 
5 0 5 0 0 0 0 
6 0 0 2 0 2 6 
0 0 0 0 0 5 2 
1 0 0 0 2 7 9 
31 0 22 14 0 0 0 
63 0 16 1 0 0 0 
0 0 8 3 1 7 8 
21 0 25 8 0 0 0 
92 0 0 0 0 0 0 
2 0 0 14 1 0 0 
1 0 13 0 0 0 0 
1 0 0 14 0 0 0 
0 0 0 1 14 11 21 
7 0 5 2 2 1 1 
12 0 0 34 0 13 5 
0 0 0 0 0 0 6 
1 0 2 5 0 0 0 
8 0 0 0 0 0 0 
25 2 49 17 2 0 0 
0 0 0 0 0 12 0 
5 0 20 0 0 0 0 
73 1 118 154 1 6 2 
46 2 31 65 0 2 0 
0 0 0 0 0 7 2 
0 0 2 12 5 0 0 
0 0 0 0 0 5 0 
88 0 1 52 0 0 0 
2 7 5 0 0 0 0 
8 0 0 9 0 3 2 
58 0 97 5 0 0 0 
0 0 0 0 3 1 5 
4 0 143 0 0 1 1 
41 2 76 22 0 3 0 
0 0 6 0 0 1 0 
0 0 17 0 0 0 0 
113 2 7 1 0 0 0 
74 4 145 79 0 3 4 
32 0 99 37 5 38 29 
0 0 0 0 0 58 68 
3 0 28 8 0 0 0 
103 24 386 10 0 0 0 
124 0 35 56 1 0 0 
3 0 0 0 4 20 19 
165 2 355 41 4 22 12 
1 0 1 0 3 11 32 
2 0 15 5 2 1 2 
0 0 0 0 0 11 10 
0 0 0 0 0 8 3 
8 0 10 0 0 0 0 
35 0 21 28 2 1 4 
0 0 0 0 0 7 0 
17 2 28 55 0 0 0 
38 43 8 4 0 0 0 
45 0 0 1 1 0 0 
76 0 11 2 0 0 0 
31 0 0 37 0 0 1 
1391 81 705 1132 0 0 0 
5 0 2 2 0 0 0 
15 0 22 14 0 2 0 
30 0 0 0 0 0 0 
100 2 198 100 1 0 2 
3 0 4 0 13 17 11 
40 0 0 1 0 0 0 
0 0 0 0 6 1 4 
0 0 5 0 0 0 0 
7 0 0 0 0 0 0 
36 0 18 21 0 1 0 
0 0 0 24 0 0 4 
45 7 6 67 0 3 1 
35 4 461 12 0 0 0 
3 0 8 3 14 47 32 
6 0 58 14 6 8 5 
12 0 2 2 0 0 0 
4 0 2 1 1 16 13 
21 0 7 5 4 3 3 
76 3 60 57 0 0 0 
0 0 0 0 15 28 53 
98 1 219 113 2 2 3 
0 0 6 0 0 0 0 
9 0 0 0 0 4 0 
19 0 1 0 0 0 0 
6 0 1 71 0 9 1 
5 1 9 25 17 21 21 
19 3 339 16 0 0 0 
5 0 0 0 0 0 0 
26 5 147 2 1 0 0 
115 5 221 133 0 3 0 
0 0 0 0 11 1 4 
4 0 16 4 1 1 2 
47 17 114 26 0 0 0 
0 0 1 0 3 12 11 
7 0 0 0 0 0 0 
2 0 0 0 0 5 0 
13 0 3 1 0 0 0 
11 0 3 673 1 8 19 
0 0 9 0 0 0 0 
0 0 0 0 7 2 4 
9 1 1 17 3 9 32 
8 0 38 9 0 0 0 
0 0 0 0 1 4 10 
50 0 4 36 0 0 0 
7 1 1 7 0 7 9 
7 0 6 10 0 0 0 
32 5 8 7 0 0 0 
0 0 5 1 0 0 0 
0 0 0 0 4 17 9 
1 0 0 0 4 9 9 
3 0 9 6 0 3 5 
0 0 0 5 0 0 0 
3 0 5 10 0 4 0 
19 1 45 30 0 0 0 
2 0 9 0 0 0 0 
4 0 3 17 0 0 0 
123 1 29 102 1 0 0 
0 0 0 0 0 19 10 
0 0 0 87 0 0 0 
1 0 0 16 0 0 0 
1 0 12 0 0 0 0 
10 0 0 0 0 0 0 
11 0 4 2 0 0 0 
5 0 10 1 0 0 0 
0 0 1 1 5 69 45 
0 0 0 0 0 6 0 
0 0 0 0 0 8 15 
7 0 0 4 0 0 0 
1 0 82 0 0 0 0 
0 0 2 0 0 7 2 
1 0 3 6 0 0 0 
0 0 0 0 0 6 6 
1 0 0 0 17 8 5 
11 5 7 0 1 3 1 
7 0 24 11 4 15 7 
128 13 0 137 0 0 0 
0 0 36 0 0 0 0 
1 0 13 0 0 0 0 
1 0 6 0 16 184 79 
23 1 56 17 0 8 6 
1 0 1 4 14 19 27 
2 0 2 5 0 1 4 
9 0 18 7 0 0 0 
0 0 0 0 2 6 2 
0 0 5 0 0 0 0 
1 0 5 0 0 13 8 
0 0 29 0 0 0 0 
1 0 0 1 0 5 17 
0 0 0 0 11 48 60 
1 0 1 2 4 10 4 
14 2 238 27 0 0 0 
11 0 21 8 0 4 3 
2 0 23 6 0 0 0 
9 0 1 0 0 0 0 
6 0 3 3 0 0 0 
5 1 5 9 0 0 0 
0 0 4 18 4 27 17 
16 0 0 8 0 0 0 
7 0 2 0 1 3 1 
0 0 0 0 0 6 1 
0 0 0 0 0 8 9 
1 0 2 5 0 0 0 
0 25 0 0 0 0 0 
10 0 0 0 0 0 0 
0 1 13 2 0 0 0 
0 2 1 0 0 35 33 
13 1 0 4 0 0 0 
0 0 1 0 2 41 37 
0 0 0 0 0 7 5 
15 7 77 26 0 1 0 
0 0 2 0 5 20 9 
0 0 0 0 0 9 10 
0 0 4 1 0 17 12 
0 0 13 5 2 13 5 
0 0 0 0 1 13 11 
0 0 1 0 4 14 34 
0 0 16 1 0 0 0 
9 1 12 4 0 1 2 
0 0 6 0 0 0 0 
0 0 6 2 0 0 0 
0 0 5 0 0 0 0 
0 0 5 0 0 0 0 
0 0 24 1 0 0 0 
0 0 1 13 0 0 0 
46 1 13 12 3 31 24 
0 0 7 0 0 1 0 
30 0 31 117 0 3 0 
17 1 4 0 0 2 0 
63 4 4 7 1 14 8 
0 0 1 2 2 8 7 
13 0 20 19 37 149 99 
0 0 0 0 8 15 4 
0 0 6 0 0 0 0 
53 4 136 88 5 17 6 
8 0 0 0 0 0 0 
0 0 6 3 0 0 0 
0 0 2 1 0 9 5 
6 0 8 466 0 0 0 
0 0 4 2 11 56 22 
0 0 0 0 0 4 18 
0 0 11 0 0 0 0 
1 0 0 0 1 2 12 
0 0 5 19 0 8 1 
0 0 1 0 1 9 8 
0 0 10 1 0 0 0 
31 0 0 0 0 0 0 
0 0 0 0 20 40 18 
0 0 1 0 2 22 29 
5 0 0 0 0 0 0 
0 0 1 0 1 5 5 
0 0 7 0 0 0 0 
0 0 0 0 0 0 6 
0 0 0 0 0 0 8 
0 0 0 0 0 15 22 
0 0 0 0 0 7 1 
0 0 0 0 0 7 2 
0 0 0 0 1 19 3 
0 0 0 0 2 10 1 
0 0 0 0 11 0 13 
0 0 0 0 1 5 0 
0 0 0 5 0 0 0 
0 0 0 29 0 0 0 
0 0 0 12 0 0 0 
0 0 0 26 0 0 0 
3 0 5 6 1 0 0 
15 0 0 25 0 0 0 
3 0 10 0 0 1 0 
3 0 7 0 0 0 0 
6 0 19 2 0 0 0 
5 0 1 0 0 0 0 
41 1 101 287 0 0 0 
5 0 136 0 0 0 0 
46 0 43 18 0 0 0 
3 0 17 9 3 9 4 
1 0 17 17 0 0 0 
2 6 60 0 0 0 0 
6 1 0 4 0 0 0 
6 0 0 0 0 1 0 
9 2 11 2 0 0 0 
46 4 10 69 0 0 0 
204 10 67 528 0 0 0 
6 0 6 6 0 0 0 
38 1 15 5 0 0 1 
102 0 45 60 1 0 0 
35 0 26 5 0 0 0 
7 0 1 0 0 0 0 
14 0 1 0 0 0 0 
1 0 8 5 1 3 1 
7 0 23 3 0 0 0 
6 2 6 8 0 0 0 
29 1 66 17 0 0 0 
13 11 23 5 0 0 0 
1 0 4 5 0 0 0 
4 0 5 12 0 1 2 
148 6 82 19 0 0 0 
6 0 1 0 0 0 0 
24 0 0 0 0 0 0 
6 0 0 0 0 0 0 
0 0 0 0 6 0 0 
0 0 0 0 0 6 3 
48 3 44 32 0 0 0 
5 2 0 365 63 0 0 
2 0 7 0 0 0 0 
669 2 71 8 48 1 7 
2 0 1 2 1 6 1 
21 0 2 0 0 0 0 
3 3 90 12 4 117 92 
45 0 27 103 15 0 0 
3 0 3 4 7 32 8 
1 0 5 0 0 0 0 
0 0 0 0 35 18 16 
52 0 179 17 0 0 0 
26 4 291 27 0 0 0 
15 0 3 1 2 0 0 
2 0 0 0 5 10 4 
417 26 348 1220 0 5 1 
43 0 96 9 0 0 0 
159 0 285 174 0 0 0 
52 14 114 72 1 10 3 
134 2 141 181 0 0 0 
63 3 56 9 2 1 0 
7 0 0 0 0 0 0 
10 0 5 15 0 0 0 
15 0 0 4 0 0 0 
2 0 6 4 0 0 0 
0 0 8 0 0 0 0 
45 9 112 56 0 0 0 
41 0 33 33 1 14 6 
11 0 4 3 2 1 0 
21 1 90 38 0 7 3 
9 0 1 4 0 0 0 
62 2 64 65 0 0 0 
18 0 102 0 0 0 0 
0 0 0 5 0 0 0 
11 0 2 0 0 0 0 
29 0 0 0 0 0 0 
79 0 17 19 0 0 0 
3 8 0 0 0 0 0 
3 0 3 1 3 32 23 
14 0 21 0 0 0 0 
22 0 0 0 0 0 0 
25 0 60 5 0 0 0 
42 0 21 44 0 0 0 
102 0 10 46 2 0 1 
1 0 2 6 4 4 2 
15 2 32 29 2 6 6 
0 0 0 0 1 5 1 
0 0 0 13 0 0 0 
5 0 1 0 0 0 0 
46 1 63 19 0 0 0 
29 4 46 13 0 0 0 
0 0 0 1 0 8 4 
0 0 0 0 24 127 16 
6 0 4 1 0 2 1 
13 2 10 24 0 0 0 
13 1 1 24 0 0 0 
4 0 45 0 0 0 0 
112 1 54 163 1 0 0 
1 0 7 1 0 2 0 
22 2 11 31 1 1 1 
1 0 0 6 0 0 0 
0 0 1 3 2 16 21 
5 0 9 3 0 0 0 
3 0 0 10 0 0 0 
6 0 5 2 0 0 0 
0 0 0 15 0 0 0 
0 0 52 0 0 0 0 
0 0 0 34 0 0 0 
12 2 73 13 0 1 0 
1 0 9 5 0 0 0 
2 0 5 0 0 0 1 
5 0 7 4 0 1 0 
3 11 5 2 0 0 0 
0 0 0 0 0 5 1 
3 0 4 10 0 0 0 
2 0 0 53 0 0 0 
3 1 26 6 0 0 0 
4 10 30 13 0 9 7 
0 0 8 0 0 0 0 
6 0 0 0 0 0 0 
1 0 11 2 0 0 0 
1 0 4 13 0 0 0 
0 0 0 0 0 0 14 
1 0 0 5 0 0 0 
0 0 0 0 0 0 34 
2 0 12 0 0 0 0 
3 0 4 7 0 0 0 
38 0 0 0 0 0 0 
1 0 5 1 0 0 0 
2 0 6 2 0 0 0 
8 0 0 0 0 0 0 
0 1 12 464 0 0 1 
0 0 5 0 0 0 0 
0 0 7 1 0 0 0 
4 1 33 12 3 1 2 
0 0 0 0 0 1 6 
2 0 11 8 0 1 0 
0 0 0 15 0 0 0 
28 0 0 4 0 0 1 
0 0 0 2 5 3 3 
54 2 93 160 0 0 1 
163 0 76 63 2 0 0 
10 0 29 12 0 0 0 
6 4 22 3 0 0 0 
19 2 100 49 0 0 0 
0 0 13 0 0 0 0 
28 0 2 3 0 0 0 
4 0 13 4 0 0 0 
16 1 40 25 0 0 0 
105 2 99 186 0 0 0 
0 0 1 3 3 25 14 
0 0 7 1 0 0 0 
1 0 5 0 0 0 0 
0 0 7 0 1 0 0 
30 1 34 6 0 0 0 
28 2 57 17 0 1 0 
2 0 21 0 3 9 3 
5 7 0 7 0 0 0 
0 0 0 6 0 0 0 
5 0 0 0 0 0 0 
90 0 0 0 0 0 0 
0 0 0 8 0 0 0 
0 0 0 8 0 0 0 
0 0 0 201 0 0 0 
0 0 0 5 0 0 0 
0 0 0 0 0 0 5 
0 0 0 0 0 0 17 
0 0 0 0 0 0 73 
0 0 0 0 0 0 10 
0 0 0 0 0 7 0 
0 0 0 0 0 1 6 
0 0 0 0 0 3 10 
0 0 0 0 0 8 3 
0 0 0 0 0 10 4 
0 0 0 0 0 5 1 
0 0 0 0 0 2 5 
0 0 0 0 0 2 10 
0 0 0 0 0 11 0 
0 0 0 0 0 7 4 
0 0 0 0 0 5 3 
0 0 0 0 0 7 0 
0 0 0 0 0 5 0 
0 0 0 0 0 2 7 
0 0 0 0 0 11 26 
0 0 0 0 1 7 13 
0 0 0 0 2 13 6 
0 0 0 0 2 6 4 
0 0 0 0 1 8 6 
0 0 0 0 1 19 3 
0 0 0 0 1 12 17 
0 0 0 0 1 9 3 
0 0 0 0 1 5 10 
0 0 0 0 2 6 8 
0 0 0 0 0 6 0 
0 0 0 0 1 8 13 
0 0 0 0 2 9 4 
0 0 0 0 2 21 18 
0 0 0 0 1 11 28 
0 0 0 0 1 4 7 
0 0 0 0 3 10 6 
0 0 0 0 9 0 21 
0 0 0 0 1 5 6 
0 0 0 0 2 16 6 
0 0 0 0 5 24 34 
0 0 0 0 15 3 19 
0 0 0 0 2 15 9 
0 0 0 0 4 9 12 
0 0 0 0 2 55 24 
0 0 0 0 4 20 13 
0 0 0 0 9 16 4 
0 0 0 0 5 0 1 
0 0 0 0 0 0 7 
0 0 0 0 6 42 25 
0 0 0 0 4 2 34 
0 0 0 0 4 6 0 
0 0 0 0 3 8 0 
0 0 0 0 33 6 9 
0 0 0 0 198 8 33 
0 0 0 0 7 12 16 
0 0 0 0 4 6 5 
0 0 0 14 1 15 21 
0 0 0 0 2 5 6 
0 0 0 7 0 0 0 
0 0 0 0 0 6 1 
0 0 0 10 0 0 0 
0 0 0 0 0 20 35 
0 0 0 0 9 9 14 
0 0 0 10 0 0 0 
0 0 0 2 0 9 1 
0 0 0 5 0 0 0 
0 0 0 0 2 2 23 
0 0 0 12 0 0 0 
0 0 0 5 0 0 0 
1 0 0 0 1 0 6 
1 0 8 0 0 0 0 
1 3 4 1 0 5 11 
0 0 8 1 0 3 0 
1 0 2 285 0 0 0 
6 0 0 1 12 52 12 
1 0 2 5 4 10 4 
2 0 46 2 0 0 0 
0 0 0 0 1 6 2 
50 0 7 6 1 9 4 
0 0 0 0 2 14 3 
0 0 0 0 0 0 6 
5 0 3 0 0 0 0 
0 0 43 0 0 0 0 
7 0 0 0 6 21 12 
5 0 0 0 1 8 0 
5 0 191 1 0 0 0 
3 0 24 6 1 19 16 
3 0 0 5 0 0 0 
6 0 0 6 0 1 0 
0 0 0 0 0 1 6 
0 0 13 0 0 0 0 
3 0 9 1 0 0 0 
10 0 0 1 0 0 0 
18 0 61 0 0 1 1 
18 2 191 26 8 25 10 
0 0 0 5 0 0 0 
8 0 0 0 0 8 0 
11 0 0 0 0 0 0 
1 0 0 0 1 8 10 
26 4 44 2077 8 6 10 
5 0 0 0 0 0 0 
18 0 1 0 1 0 0 
23 0 42 8 7 22 5 
1 0 4 1 2 61 71 
25 0 100 50 9 34 27 
0 0 5 0 0 0 0 
22 0 258 0 0 0 0 
0 0 6 8 9 14 8 
0 0 0 10 3 9 1 
13 8 22 6 0 0 0 
19 0 0 8 2 2 3 
1 0 0 1 0 22 29 
6 0 43 3 0 0 0 
0 0 1 0 0 5 1 
43 8 219 17 0 0 0 
0 0 0 0 0 7 10 
8 1 2 1 0 2 2 
0 0 0 0 3 5 3 
90 0 15 102 6 12 7 
0 0 0 0 0 0 6 
18 0 1 2 7 35 31 
0 0 0 0 1 25 7 
22 0 0 0 5 9 2 
5 0 0 78 0 0 0 
0 0 0 5 0 0 0 
0 0 0 0 1 9 16 
0 0 2 1 28 25 2 
35 0 0 2 1 7 2 
9 1 4 15 8 29 35 
1 0 0 0 15 65 36 
39 0 20 28 0 0 0 
0 0 0 0 11 66 102 
50 3 123 84 0 0 0 
0 0 0 0 2 11 3 
1 0 20 2 3 18 14 
35 1 9 0 0 0 0 
5 3 7 1 11 41 66 
3 0 3 12 3 17 10 
10 0 57 7 0 23 8 
10 0 1 5 0 1 3 
32 0 43 38 8 38 41 
5 0 9 5 1 1 0 
0 0 1 0 1 7 0 
11 0 0 29 0 10 19 
93 0 0 0 0 0 0 
0 0 6 0 0 0 0 
1 0 0 1 1 4 16 
3 0 4 5 14 54 51 
0 0 9 5 0 1 2 
3 3 0 15 0 0 0 
37 1 0 6 0 0 0 
10 0 0 2 0 0 0 
494 4 256 256 4 2 5 
3 0 2 70 7 18 20 
0 0 0 0 6 0 0 
6 1 27 7 2 17 20 
3 0 5 0 0 0 0 
0 0 0 0 0 6 0 
4 0 19 0 0 1 0 
3 1 18 1 2 29 18 
2 0 0 2 0 5 3 
3 0 6 6 1 2 19 
0 0 0 0 0 3 14 
0 0 0 0 6 2 12 
40 2 14 66 4 3 15 
0 0 2 8 0 0 0 
5 0 276 0 0 0 0 
5 0 26 0 46 147 184 
14 0 0 0 0 0 0 
0 0 0 0 3 9 13 
3 0 0 12 3 33 14 
0 0 0 0 9 28 32 
8 0 0 0 0 0 0 
10 0 14 11 3 1 2 
7 0 0 0 0 0 1 
66 0 118 75 0 0 0 
0 0 65 0 0 0 0 
3 0 0 0 0 2 5 
1 0 5 2 1 1 3 
36 0 25 1 0 0 0 
1 5 1 41 0 0 0 
3 1 2 0 11 16 23 
0 0 5 0 0 0 0 
6 0 0 0 0 4 1 
1 0 29 6 0 0 0 
6 0 19 12 12 108 109 
20 0 2 0 8 16 13 
0 0 0 0 2 8 2 
6 0 0 0 0 0 0 
7 0 1 6 6 74 68 
7 0 2 2 3 27 9 
13 0 111 0 0 0 0 
0 0 1 0 3 6 1 
3 0 5 0 0 5 3 
43 4 26 18 0 0 0 
2 0 22 6 4 7 5 
2 0 0 0 1 14 19 
1 0 0 0 3 11 22 
0 0 0 0 0 0 18 
0 0 3 0 4 11 1 
0 0 0 0 12 58 47 
12 0 0 278 0 0 0 
5 0 0 0 0 0 0 
1 0 28 0 0 0 0 
133 0 94 349 5 45 33 
0 0 0 0 0 8 4 
0 0 0 0 0 4 5 
22 0 0 0 6 13 9 
0 0 0 0 8 11 14 
5 0 0 0 0 0 0 
0 0 135 0 0 0 0 
1 0 61 2 0 0 0 
6 0 0 0 0 0 0 
1 0 1 0 0 2 10 
0 0 0 0 2 6 9 
0 0 0 8 0 0 0 
0 0 0 0 0 28 43 
0 0 7 0 0 0 0 
9 0 0 0 0 0 0 
0 0 0 0 0 19 5 
3 3 0 7 0 0 1 
0 0 0 0 5 0 0 
0 0 9 0 1 13 11 
0 0 13 1 0 19 20 
0 0 6 1 0 0 0 
0 0 32 0 0 0 0 
0 0 41 0 0 0 0 
0 0 3 0 14 28 20 
0 0 22 0 0 0 0 
17 0 0 44 0 0 0 
0 0 0 0 5 29 19 
0 0 1 0 6 30 38 
0 0 0 0 17 28 21 
0 0 2 0 0 5 0 
0 0 2 5 6 41 35 
0 0 2 0 0 5 0 
5 1 0 4 0 0 0 
0 0 14 0 4 15 29 
0 0 13 0 42 7 35 
0 0 7 0 0 0 0 
0 0 0 0 6 1 0 
0 0 7 1 12 0 12 
0 0 0 0 1 7 2 
0 0 0 5 0 0 0 
0 0 1 0 0 1 6 
0 0 2 0 5 5 10 
0 0 0 0 13 2 0 
6 0 5 1 0 0 0 
0 0 0 0 2 0 5 
11 0 0 9 12 59 37 
0 0 0 0 167 96 27 
0 0 0 0 0 3 6 
0 0 0 0 2 17 14 
2 0 0 0 4 40 67 
0 0 5 0 0 0 0 
0 0 0 0 0 7 9 
11 0 4 0 0 0 0 
0 0 6 0 0 0 0 
7 0 0 0 0 0 0 
0 0 1 0 18 18 27 
9 0 2 3 0 0 0 
0 0 0 0 0 6 8 
0 0 2 1 0 3 13 
0 0 0 6 0 0 0 
0 0 0 7 0 0 0 
0 0 0 0 0 0 9 
0 0 0 0 0 0 5 
0 0 0 0 0 1 6 
0 0 0 0 0 1 5 
0 0 0 0 0 1 5 
0 0 0 0 0 12 6 
0 0 0 0 0 3 5 
0 0 0 0 0 5 0 
0 0 0 0 0 6 1 
0 0 0 0 0 16 13 
0 0 0 0 0 0 6 
0 0 0 0 1 4 9 
0 0 0 0 2 15 23 
0 0 0 0 1 13 4 
0 0 0 0 1 5 2 
0 0 0 0 5 13 3 
0 0 0 0 5 25 25 
0 0 0 0 5 55 75 
0 0 0 0 0 7 1 
0 0 0 0 3 12 10 
0 0 0 0 7 45 47 
0 0 0 0 7 6 4 
0 0 0 0 8 51 58 
0 0 0 0 4 34 23 
0 0 0 0 35 69 93 
0 0 0 0 39 141 138 
0 0 0 14 0 0 0 
0 0 0 14 0 0 0 
0 0 0 0 0 15 9 
0 0 0 123 0 0 0 
0 0 0 0 3 0 6 
0 0 0 5 0 0 0 
0 0 0 21 0 0 0 
0 0 0 0 0 20 14 
0 0 0 8 0 0 0 
0 0 0 77 0 0 0 
0 0 0 7 0 0 0 
0 0 0 8 0 0 0 
0 0 0 7 0 0 0 
0 0 0 23 0 0 0 
0 0 0 5 0 0 0 
0 0 0 0 1 0 9 
0 0 0 11 0 0 0 
0 0 0 8 0 0 0 
0 0 0 5 0 0 0 
0 0 0 2 1 83 69 
0 0 0 0 0 24 3 
0 0 1 14 0 0 0 
0 0 0 0 7 1 9 
0 0 7 0 0 0 0 
0 0 0 0 2 12 13 
0 0 0 5 0 0 0 
0 0 0 0 0 11 1 
0 0 0 63 0 0 0 
0 0 5 0 0 0 0 
0 0 1 0 0 8 9 
0 0 6 0 0 0 0 
3 0 12 0 0 0 0 
0 0 5 0 0 0 0 
1 0 7 0 0 0 1 
0 0 120 2 1 13 9 
0 0 0 0 9 45 24 
0 0 0 1 0 11 3 
8 4 60 77 0 0 0 
6 0 41 6 1 0 2 
7 0 0 0 0 0 0 
12 0 0 0 0 0 0 
6 1 32 11 0 0 1 
1 0 7 0 0 0 0 
5 0 1 4 0 0 0 
10 1 2 8 0 0 0 
0 0 0 0 0 7 6 
4 0 26 0 0 0 0 
56 1 0 0 0 0 0 
10 0 15 1 0 0 0 
0 0 5 0 0 0 0 
0 0 0 10 0 0 0 
45 0 0 0 0 0 0 
5 0 0 0 4 0 1 
2 0 0 56 0 0 0 
0 0 0 0 0 0 7 
27 1 5 6 0 0 0 
3 0 73 2 0 2 0 
3 0 5 0 0 0 0 
1 0 16 0 0 0 0 
5 0 19 2 0 0 0 
0 0 0 0 29 14 3 
85 0 44 10 0 0 0 
15 1 39 17 36 82 77 
1 0 9 0 0 0 0 
8 0 1 2 0 0 0 
26 0 5 18 1 14 10 
0 0 65 0 0 0 0 
0 0 0 5 0 0 0 
0 0 0 6 0 0 0 
2 0 1 2 2 4 6 
17 1 0 10 0 0 0 
5 0 9 1 0 0 0 
1 0 0 1 4 68 16 
0 0 0 0 0 0 11 
0 0 0 6 0 0 0 
6 0 0 10 0 6 3 
53 2 5 38 3 13 5 
4 4 5 5 3 0 0 
1 0 16 0 0 0 0 
15 0 2 12 0 0 0 
26 0 10 11 0 0 0 
0 0 6 0 0 0 0 
35 0 15 0 0 0 0 
49 2 195 57 0 0 0 
0 0 2 6 0 0 0 
4 1 34 9 3 40 22 
0 0 0 0 1 8 2 
0 0 0 0 0 4 9 
50 0 8 10 0 0 0 
7 0 0 0 1 12 28 
0 0 0 0 2 21 4 
6 0 2 0 0 0 0 
0 0 5 0 0 0 0 
31 0 0 0 0 0 0 
4 1 9 8 0 0 0 
5 0 1 3 0 2 0 
54 0 57 40 0 0 0 
0 0 0 6 0 0 0 
162 10 609 467 0 1 0 
1 1 7 3 0 0 0 
31 0 0 0 0 0 0 
33 4 92 10 0 0 0 
0 0 0 0 0 9 12 
23 1 40 11 0 1 2 
45 0 2 1 0 0 0 
16 0 0 0 0 0 0 
0 0 0 0 9 14 6 
113 0 113 114 14 1 1 
15 2 33 30 0 0 3 
85 0 258 48 0 0 0 
50 3 24 40 0 0 0 
0 0 0 0 2 3 21 
0 0 0 0 123 137 231 
15 0 99 4 3 10 12 
2 0 0 10 0 1 0 
0 1 6 0 0 0 0 
45 0 0 0 0 0 0 
8 0 0 0 0 0 0 
0 0 7 0 0 0 0 
21 1 13 4 0 1 5 
31 2 1 1 0 0 0 
12 0 2 20 0 0 0 
4 2 4 13 10 45 42 
0 0 0 0 1 7 5 
9 1 116 0 1 0 0 
24 8 20 198 5 26 39 
47 0 38 7 0 0 0 
19 1 32 23 6 8 4 
743 9 7 0 18 23 18 
29 0 122 1 0 0 0 
4 0 8 0 0 0 0 
73 2 181 193 0 1 0 
0 0 0 0 0 2 16 
76 77 351 53 0 0 0 
12 6 53 1 0 0 0 
11 0 0 0 0 0 0 
187 12 239 119 1 11 6 
34 3 10 98 1 13 17 
12 0 73 0 0 0 0 
0 0 29 0 0 0 0 
3 0 0 4 0 19 7 
0 0 0 0 0 3 7 
40 1 22 28 2 1 1 
7 0 37 34 3 83 42 
0 0 0 13 0 0 0 
1 0 31 2 0 0 0 
5 0 0 0 0 0 0 
16 0 4 19 0 0 2 
6 1 8 8 0 0 0 
1 1 8 2 2 27 23 
0 0 2 9 0 0 0 
196 0 0 5 0 0 0 
1 1 0 7 0 0 0 
26 4 12 4 0 0 0 
15 0 39 6 0 0 0 
0 0 0 0 1 9 4 
3 0 7 3 8 106 70 
107 51 511 65 14 48 38 
0 5 0 7 0 0 0 
3 0 4 1 13 2 0 
30 0 0 6 0 3 1 
17 0 33 13 0 0 0 
0 0 0 42 0 0 0 
10 0 1 3 3 0 0 
10 0 0 0 0 0 0 
16 1 26 19 1 5 2 
37 1 4 0 0 0 0 
27 1 326 70 0 0 0 
2 0 0 0 6 1 0 
6 0 0 4 0 0 0 
1 0 0 0 4 6 25 
20 0 5 29 0 0 0 
2 0 5 1 0 1 0 
23 0 15 47 0 0 0 
0 0 0 0 1 8 2 
4 0 27 0 0 0 0 
8 0 35 0 0 0 0 
8 1 0 21 4 55 50 
1 5 0 29 0 0 0 
0 0 0 7 11 14 32 
0 1 37 45 0 0 0 
2 1 7 8 0 0 0 
0 0 0 15 0 0 0 
23 1 28 118 0 0 1 
0 0 0 6 0 0 1 
2 0 57 4 0 0 0 
4 0 2 5 1 1 1 
1 0 3 1 4 12 7 
0 24 0 0 0 0 0 
3 0 10 0 0 0 0 
18 2 38 2 0 0 0 
1 0 1 3 13 219 127 
420 0 165 214 1 4 11 
1 0 0 31 0 0 0 
2 0 0 0 1 13 22 
10 0 0 0 0 0 0 
3 0 0 0 5 0 0 
0 0 2 0 1 11 2 
0 0 0 0 0 6 2 
1 0 11 2 0 0 0 
3 0 9 0 0 2 1 
1 0 5 0 4 48 29 
1 0 16 0 0 0 0 
0 0 0 0 0 2 7 
27 1 1 3 0 0 1 
29 0 33 2 17 111 64 
2 1 74 0 0 0 0 
2 0 0 0 0 8 12 
0 0 7 1 0 0 0 
3 0 0 0 8 13 2 
20 0 1 14 0 0 0 
0 0 0 0 0 0 6 
1 0 0 15 0 0 0 
0 2 5 2 0 0 0 
31 5 101 15 0 0 0 
0 5 34 26 3 4 7 
0 2 0 3 1 9 5 
245 21 497 272 0 1 1 
0 1 32 1 0 0 0 
0 1 0 6 0 0 0 
0 0 0 0 5 24 26 
0 0 0 0 3 24 19 
1 0 0 8 0 3 2 
0 0 5 0 0 0 0 
3 0 24 3 21 34 28 
0 0 0 0 7 3 2 
0 0 28 0 0 0 0 
2 0 6 0 0 0 0 
0 0 6 0 0 0 0 
0 0 8 0 0 3 3 
0 0 36 0 0 0 0 
8 0 6 17 0 0 0 
0 0 1 0 0 7 0 
0 0 2 5 0 0 0 
2 0 32 2 0 0 0 
0 1 0 0 0 2 17 
0 0 0 0 0 16 30 
1 0 5 0 0 0 0 
0 0 0 0 0 5 7 
0 0 24 0 0 0 0 
0 0 0 0 0 5 3 
2 0 0 54 0 0 0 
0 0 0 0 0 3 14 
0 0 0 0 0 9 6 
6 0 3 13 2 13 11 
7 0 2 0 0 0 0 
0 0 0 0 0 7 0 
0 0 1 2 8 2 3 
0 0 0 0 0 0 9 
0 0 0 0 0 0 5 
0 0 7 0 0 0 0 
0 0 10 0 0 0 0 
25 4 68 13 0 0 0 
0 0 2 8 10 3 8 
0 0 14 3 0 0 0 
12 0 4 31 0 0 0 
0 0 0 0 5 0 0 
13 0 4 11 17 50 77 
0 0 0 6 0 0 0 
0 16 0 0 0 0 0 
0 0 0 0 11 0 0 
1 0 7 2 0 0 0 
3 0 20 19 2 4 0 
0 1 0 0 0 7 1 
8 0 17 2 1 37 13 
1 0 2 51 0 1 0 
5 0 3 0 14 19 10 
1 0 6 1 0 0 1 
1 0 1 18 0 0 0 
1 0 0 8 0 0 0 
4 0 8 2 1 0 0 
5 0 0 0 0 0 0 
14 0 21 22 0 2 1 
7 0 0 0 0 0 0 
77 1 64 71 4 2 2 
2 0 2 5 0 0 0 
4 13 1 19 0 0 0 
0 0 12 1 0 0 0 
0 0 0 0 0 0 9 
2 0 0 11 0 0 0 
1 0 0 0 3 9 9 
1 0 14 0 18 6 2 
8 0 0 0 0 0 0 
2 0 3 133 0 9 10 
2 0 15 2 0 0 0 
0 0 0 0 2 6 2 
0 0 0 5 0 1 0 
0 0 0 17 0 2 1 
4 0 2 9 0 0 0 
0 1 14 0 0 0 0 
40 1 5 17 0 0 0 
0 0 5 0 3 12 9 
33 1 31 3 0 1 0 
1 0 27 0 0 0 0 
1 0 0 0 2 5 5 
0 0 5 4 0 0 0 
4 0 2 16 0 0 0 
0 0 0 0 3 8 3 
0 0 1 0 10 24 12 
13 0 0 0 2 1 0 
100 0 21 0 0 0 0 
6 0 0 0 0 0 0 
19 0 1 124 0 0 0 
5 0 9 6 0 4 5 
2 0 3 2 9 22 14 
1 0 6 0 0 0 0 
2 0 3 8 0 0 0 
42 1 1 54 0 0 0 
12 0 0 0 0 0 0 
1 0 6 2 0 0 0 
10 0 12 9 0 5 8 
6 1 14 11 0 0 0 
20 0 50 16 0 0 2 
19 0 19 12 3 3 2 
2 0 6 2 0 0 0 
10 0 8 0 0 3 0 
4 0 1 0 2 11 10 
0 0 0 0 5 15 17 
20 2 5 3 0 0 0 
0 0 0 0 0 2 36 
9 0 38 8 0 19 25 
8 0 0 0 0 2 0 
19 13 143 22 2 0 0 
43 3 22 3 0 0 1 
1 1 0 0 0 30 27 
5 0 11 0 0 0 0 
22 1 54 22 1 0 2 
3 0 1 2 0 5 0 
1 1 2 2 7 25 13 
8 0 2 0 0 0 0 
1 0 6 0 0 0 0 
4 1 19 3 2 2 2 
1 4 49 4 0 1 0 
25 1 21 213 4 24 22 
4 0 17 3 0 3 0 
14 0 41 21 1 0 0 
42 1 101 22 8 0 5 
0 0 0 0 7 13 32 
13 0 37 6 0 6 4 
24 0 76 9 0 0 0 
34 0 56 18 3 1 0 
46 3 125 57 0 0 0 
5 0 1 0 0 0 0 
160 0 6 1 0 0 0 
23 0 39 170 0 0 0 
4 1 23 73 0 0 0 
9 12 28 55 2 0 3 
3 0 14 0 0 0 0 
3 0 2 13 16 18 23 
0 0 0 0 3 61 36 
117 34 82 64 0 0 0 
2 0 11 0 0 5 2 
0 5 0 5 0 0 0 
5 0 3 26 2 15 12 
2 0 26 0 0 0 0 
24 3 26 56 34 247 263 
5 0 0 7 0 0 0 
11 0 0 0 0 0 0 
1 0 0 1 4 67 43 
1 0 0 0 6 27 10 
0 5 0 0 0 0 0 
0 0 0 0 0 4 7 
19 1 11 9 2 4 3 
0 0 11 0 0 0 0 
5 0 6 1 0 0 0 
5 0 7 6 0 0 0 
7 0 40 11 0 33 26 
1 0 1 0 0 11 6 
0 0 25 0 0 0 0 
0 0 2 0 0 7 3 
0 0 0 0 0 3 5 
19 0 1 0 0 0 0 
8 2 0 3 0 6 2 
0 0 0 0 0 5 0 
16 0 14 5 0 2 5 
191 4 112 124 0 1 5 
0 0 0 0 1 11 6 
25 8 11 3 0 1 1 
9 0 0 0 0 0 0 
1 0 0 0 6 10 2 
0 0 11 0 0 0 0 
0 0 0 0 0 4 6 
2 0 2 1 2 18 5 
43 0 0 4 0 0 0 
14 1 0 9 0 0 0 
0 0 3 51 0 0 0 
0 0 13 2 0 0 0 
79 2 88 14 0 0 0 
26 4 25 30 0 0 0 
4 0 112 9 0 17 10 
1 0 16 0 0 0 0 
0 30 0 0 0 0 0 
0 0 0 0 130 192 282 
25 2 3 2 0 2 1 
0 0 8 0 0 1 2 
102 2 172 199 1 4 1 
0 0 0 29 0 0 4 
0 0 11 25 0 0 0 
95 4 821 64 3 20 3 
19 1 287 7 0 0 0 
2 17 78 7 0 7 1 
1 0 10 2 0 2 2 
34 0 26 2 0 0 0 
3 0 0 0 0 6 7 
15 0 12 10 4 19 11 
2 0 10 4 0 1 0 
0 0 5 0 0 0 0 
2 0 0 5 0 1 4 
1 0 0 6 0 0 0 
29 0 16 24 0 0 0 
13 1 8 31 0 9 0 
5 0 0 0 0 0 0 
99 3 48 5 0 0 0 
7 0 5 16 2 17 14 
1 0 3 10 0 0 0 
29 0 30 29 0 0 0 
0 0 0 0 10 16 10 
8 0 5 5 0 0 0 
2 0 40 2 0 0 0 
30 4 38 160 0 0 0 
36 0 2 0 0 0 0 
24 2 7 15 0 0 0 
0 0 24 0 0 0 0 
31 14 58 61 0 1 1 
4 0 6 4 0 0 0 
3 0 6 1 1 17 5 
0 0 1 0 1 7 1 
5 0 0 0 0 0 0 
6 0 0 2 0 0 0 
0 0 0 0 0 9 7 
9 1 2 4 0 0 0 
14 0 31 26 0 0 0 
0 0 8 2 0 0 0 
6 1 4 0 1 0 0 
2 0 45 2 0 0 0 
11 0 21 3 0 0 0 
0 0 1 75 0 1 0 
134 1 179 234 0 2 0 
0 0 0 10 0 0 0 
9 1 6 3 0 0 0 
35 2 175 141 0 0 0 
4 0 8 23 0 0 0 
26 0 36 16 11 73 74 
16 1 2 5 0 0 0 
1 0 16 0 1 0 0 
3 0 5 4 0 0 0 
3 0 0 0 3 23 20 
5 0 0 1 0 0 0 
1 0 20 0 0 0 0 
30 0 75 0 0 0 0 
10 0 0 0 0 0 0 
6 0 13 4 0 1 5 
11 0 3 2 0 0 0 
0 0 0 0 0 6 20 
2 0 0 2 18 0 23 
145 0 34 13 0 0 0 
2 0 0 0 2 6 5 
21 0 35 51 1 1 0 
5 5 0 9 0 0 0 
1 0 0 5 9 8 3 
235 3 116 229 1 0 0 
7 0 41 22 0 0 0 
19 0 24 5 0 0 0 
0 0 0 0 2 8 1 
0 0 10 0 0 0 0 
0 0 8 0 0 0 0 
0 0 9 0 0 0 0 
0 0 0 91 0 0 0 
0 0 0 12 0 0 0 
0 0 0 0 0 1 6 
36 3 143 22 0 0 1 
0 0 1 6 0 0 0 
0 0 0 1 5 17 20 
4 0 6 5 3 14 18 
0 0 54 0 0 0 0 
0 0 0 0 0 5 1 
0 0 0 0 0 9 1 
0 0 1 0 2 8 9 
0 0 7 0 0 0 0 
36 4 260 49 0 1 0 
0 0 2 124 3 4 1 
1 0 20 21 0 0 0 
2 0 12 0 0 0 0 
0 0 6 0 0 0 0 
2 0 0 11 3 25 16 
0 0 11 2 0 0 0 
6 0 6 0 0 0 0 
0 0 6 0 0 0 0 
0 0 3 5 34 10 4 
55 1 85 16 0 0 0 
0 0 5 50 2 0 3 
0 0 1 9 1 0 0 
30 2 16 75 1 0 0 
701 1 1069 211 0 0 0 
0 0 0 38 0 0 0 
0 0 18 0 0 0 0 
0 0 1 4 1 5 2 
0 0 0 0 0 5 2 
0 0 2 0 8 33 37 
0 0 5 2 0 0 0 
0 0 5 0 0 0 0 
0 0 18 0 0 0 0 
0 0 0 0 1 5 3 
0 0 0 0 0 5 0 
42 0 233 40 0 0 0 
0 0 0 0 5 21 22 
21 0 4 3 3 44 8 
0 0 7 0 0 0 0 
3 0 5 0 0 0 0 
12 4 36 50 0 0 0 
28 29 50 0 0 0 0 
6 0 9 47 0 0 0 
0 0 0 1 3 5 2 
0 0 0 8 0 0 0 
4 2 48 22 0 0 0 
0 0 0 8 0 0 0 
0 0 0 4 0 5 0 
0 0 0 10 0 0 0 
0 0 0 73 0 0 0 
0 0 0 46 0 0 0 
0 0 0 0 4 7 25 
0 0 0 5 0 0 0 
0 0 0 0 9 17 8 
0 0 0 14 0 0 0 
28 9 63 41 43 52 55 
0 0 0 15 0 0 0 
0 0 0 7 2 0 1 
19 0 0 12 0 0 0 
0 0 0 22 0 0 0 
0 0 0 8 0 0 0 
0 0 0 0 9 98 21 
10 0 0 0 0 0 0 
0 0 0 0 6 68 29 
37 1 90 10 0 21 20 
0 0 0 0 12 2 8 
2 0 99 0 0 0 0 
72 0 352 73 0 0 0 
0 0 0 0 5 19 6 
0 0 0 0 5 0 0 
0 0 0 0 9 3 3 
0 0 0 0 1 23 23 
0 0 0 0 1 1 7 
0 0 0 0 1 4 6 
0 0 0 0 1 11 10 
1 0 13 0 0 0 0 
0 0 0 0 1 0 6 
0 0 0 0 1 5 2 
0 0 0 28 0 0 0 
0 0 0 0 6 3 2 
0 0 1 0 3 6 5 
0 0 0 0 0 25 14 
0 0 0 0 0 3 5 
0 0 0 0 0 6 0 
15 0 0 1 0 0 0 
30 6 31 59 0 0 0 
0 0 0 0 0 7 2 
0 0 0 0 0 6 2 
0 0 0 0 0 1 5 
1 0 1 3 0 3 6 
0 0 0 0 0 10 8 
0 0 0 0 12 1 1 
3 1 53 2 2 19 8 
0 0 0 0 0 0 26 
0 0 0 0 0 0 35 
0 0 0 0 0 0 8 
0 0 0 0 0 6 0 
0 0 0 0 0 13 1 
0 0 0 0 0 8 7 
0 0 0 0 0 7 10 
0 0 0 0 1 15 10 
0 0 0 0 2 17 15 
0 0 0 0 1 1 7 
0 0 0 0 5 7 0 
0 0 0 0 1 2 5 
0 0 0 0 4 11 4 
0 0 0 0 5 31 35 
0 0 0 0 2 23 3 
0 0 0 0 4 5 14 
0 0 0 0 6 8 7 
0 1 24 0 0 0 0 
0 0 0 0 0 10 6 
1 0 0 6 0 0 0 
0 0 0 6 0 0 0 
6 0 0 0 0 0 0 
0 0 5 0 0 0 0 
4 0 6 0 0 0 0 
308 1 110 28 2 6 7 
15 0 0 7 0 0 0 
1 0 5 0 1 3 10 
19 0 8 34 0 0 0 
29 2 31 326 0 4 12 
24 1 7 67 0 0 0 
0 0 1 0 5 0 0 
5 0 9 9 1 17 16 
10 0 0 0 0 0 0 
3 0 6 0 0 0 0 
2 0 0 0 8 25 26 
22 0 6 0 0 0 0 
0 0 5 0 0 0 0 
7 1 6 0 0 0 0 
5 0 0 0 0 0 0 
12 0 0 0 0 0 0 
0 0 0 0 0 15 10 
5 0 0 0 0 0 0 
0 0 12 0 0 0 0 
3 0 15 2 4 9 9 
0 0 0 0 2 0 6 
1 0 5 5 0 0 0 
3 0 3 15 4 34 22 
10 0 4 4 0 8 4 
6 0 0 0 0 0 0 
0 0 6 1 0 0 0 
0 0 22 0 0 0 0 
28 1 1 0 0 0 0 
7 0 15 1 0 0 0 
0 0 6 0 0 0 0 
0 0 0 0 6 1 4 
0 0 5 0 0 0 0 
0 0 0 7 0 0 0 
0 0 6 0 24 135 278 
0 0 37 0 0 0 0 
7 0 34 0 0 0 0 
1 1 5 0 0 0 0 
0 0 20 0 0 0 0 
0 0 0 7 0 0 0 
0 0 0 6 0 0 0 
0 0 0 0 0 0 5 
0 0 0 0 0 0 5 
0 0 0 0 0 1 10 
0 0 0 0 0 4 16 
0 0 0 0 0 8 16 
0 0 0 0 0 6 2 
0 0 0 0 0 6 3 
0 0 0 0 0 6 10 
0 0 0 0 0 8 9 
0 0 0 0 0 13 10 
0 0 0 0 0 6 4 
0 0 0 0 0 6 1 
0 0 0 0 0 7 6 
0 0 0 0 0 9 4 
0 0 0 0 0 27 47 
0 0 0 0 0 5 3 
0 0 0 0 1 40 3 
0 0 0 0 1 8 13 
0 0 0 0 1 12 27 
0 0 0 0 2 5 2 
0 0 0 0 1 2 5 
0 0 0 0 0 9 6 
0 0 0 0 2 9 2 
0 0 0 0 1 10 0 
0 0 0 0 4 9 1 
0 0 0 0 2 16 29 
0 0 0 0 1 9 6 
0 0 0 0 2 17 10 
0 0 0 0 0 4 10 
0 0 0 0 0 4 5 
0 0 0 0 1 1 5 
0 0 0 0 0 10 13 
0 0 0 0 6 9 8 
0 0 0 0 9 21 14 
0 0 0 0 0 5 2 
0 0 0 0 3 5 1 
0 0 0 0 7 13 17 
0 0 0 0 9 35 16 
0 0 0 0 1 1 9 
0 0 0 0 2 19 11 
0 0 0 0 5 17 26 
0 0 0 0 0 4 5 
0 0 0 0 2 6 9 
0 0 0 0 0 4 5 
0 0 0 1 3 45 26 
0 0 0 10 0 0 0 
0 0 0 6 0 0 0 
0 0 0 6 0 0 0 
0 0 0 6 0 0 0 
0 0 0 5 0 0 0 
0 0 0 42 0 0 0 
0 0 0 7 0 0 0 
0 0 0 10 0 0 0 
0 0 0 0 0 6 0 
0 0 0 1 0 5 5 
0 0 0 0 4 63 42 
0 0 0 9 0 0 0 
0 0 0 1 2 9 4 
0 0 0 7 0 1 0 
0 0 0 0 1 234 1 
0 0 0 8 0 0 0 
0 0 0 0 4 1 11 
0 0 0 6 0 0 0 
2 0 0 79 0 9 18 
0 0 0 0 0 2 5 
0 0 14 0 0 0 0 
0 0 0 0 6 10 9 
9 4 22 28 0 0 0 
1 0 13 0 1 0 0 
1 0 17 2 0 9 3 
0 0 7 1 5 49 49 
0 1 0 0 4 8 1 
3 0 11 5 0 12 3 
0 0 47 0 0 0 0 
0 0 2 0 7 39 21 
0 0 0 17 0 0 0 
1 0 6 0 0 1 0 
5 0 4 1 0 0 0 
5 0 0 6 0 0 0 
2 0 6 0 0 0 0 
2 0 5 2 0 0 0 
0 0 9 0 0 0 0 
1 0 12 16 1 8 1 
0 0 1 0 0 4 5 
0 0 0 0 0 0 7 
1 0 43 34 0 0 0 
10 0 0 3 0 3 0 
9 0 4 2 0 0 0 
6 0 5 7 0 0 0 
9 0 0 0 0 0 0 
1 0 0 0 0 10 16 
2 0 15 13 1 11 11 
0 0 0 0 0 3 6 
1 0 7 4 0 0 0 
0 0 0 0 1 13 1 
0 0 0 0 0 136 15 
0 0 0 0 2 4 7 
6 0 0 0 0 0 1 
16 0 19 10 0 0 0 
0 0 2 2 1 17 17 
0 0 0 52 0 0 0 
0 0 0 0 0 7 0 
3 2 22 14 0 4 6 
44 7 110 119 2 0 0 
98 7 214 22 0 0 0 
5 0 0 0 0 0 0 
11 0 184 50 4 26 21 
2 1 3 11 0 0 0 
123 2 230 447 23 269 222 
5 0 0 5 0 0 0 
86 2 78 273 0 0 0 
14 12 4 2 44 124 88 
0 0 2 0 5 7 2 
17 0 0 16 0 0 0 
0 0 0 0 0 8 19 
0 0 0 0 2 1 8 
1 0 1 4 6 54 53 
7 0 4 1 0 0 0 
286 0 301 350 52 231 87 
6 0 1 0 1 23 12 
6 0 3 14 0 0 0 
8 0 31 0 1 7 1 
12 0 0 0 1 7 2 
15 1 23 28 3 27 21 
142 0 148 14 0 0 0 
0 31 0 0 0 0 0 
32 0 46 2 0 1 0 
0 0 0 0 0 4 10 
23 0 52 13 0 0 0 
3 0 6 2 0 0 0 
5 0 0 0 0 0 0 
2 0 18 11 0 0 0 
0 1 36 5 5 45 30 
2 0 1 12 4 18 11 
17 0 107 31 0 0 0 
2 0 3 3 2 8 5 
3 0 6 1 0 0 0 
1 0 0 0 3 6 8 
14 1 123 0 0 0 0 
5 0 0 225 0 0 0 
2 0 0 56 0 0 0 
0 0 0 0 10 42 12 
7 1 0 46 8 28 21 
9 0 8 0 0 0 0 
0 0 0 43 0 0 0 
6 2 30 17 12 58 30 
0 0 0 0 5 31 50 
8 7 21 13 2 11 20 
0 0 0 0 9 9 35 
0 0 7 0 0 0 0 
53 0 2 0 0 0 0 
0 0 0 5 0 0 0 
1 0 5 1 0 0 0 
35 0 40 1 0 0 0 
85 3 74 56 0 0 0 
135 0 970 2 1 2 2 
186 0 175 163 0 0 0 
0 0 0 0 0 3 7 
10 0 0 3 0 0 0 
3 1 53 9 1 0 1 
7 2 0 0 0 0 1 
1 1 16 6 0 0 0 
0 0 5 1 0 8 5 
39 1 43 12 0 1 0 
8 1 16 4 0 1 0 
0 0 0 0 0 10 5 
0 0 20 0 0 0 0 
25 3 67 24 0 0 0 
0 0 1 1 0 6 7 
4 1 1 31 1 2 4 
20 0 34 14 0 1 2 
204 6 110 358 14 9 19 
6 0 6 83 5 11 4 
53 2 85 31 1 4 8 
0 0 0 0 13 5 8 
178 1 63 27 0 0 0 
16 0 71 49 0 0 0 
23 2 52 11 2 6 15 
1 0 5 0 0 0 0 
0 0 0 0 3 7 0 
0 0 1 5 0 0 0 
18 0 11 12 0 0 0 
245 8 202 1686 0 1 7 
8 1 1 2 0 0 0 
1 1 8 0 0 5 5 
60 0 241 158 3 4 4 
0 0 0 0 0 11 0 
4 0 0 3 6 13 19 
0 0 0 0 0 8 1 
8 2 16 9 5 14 24 
411 36 104 444 1 0 0 
1 0 6 0 3 1 15 
1 0 2 7 0 0 0 
1 0 0 1 3 33 5 
1 0 21 4 6 31 9 
0 0 0 0 0 126 0 
0 0 0 0 2 4 15 
0 0 8 3 6 30 22 
0 0 0 8 0 0 0 
0 0 9 0 0 0 0 
6 0 0 0 0 0 0 
0 0 16 2 13 121 77 
2 0 0 2 0 14 3 
0 0 0 0 5 1 12 
0 0 0 0 7 0 0 
0 0 6 0 0 1 0 
30 2 53 49 22 24 27 
0 0 0 0 0 0 5 
0 0 0 0 6 13 20 
1 0 13 0 0 0 0 
4 6 35 14 1 6 15 
0 0 5 0 0 0 0 
0 14 2 22 0 0 0 
14 0 8 9 1 0 2 
0 1 30 1 0 0 0 
0 0 63 0 0 0 0 
2 0 1 0 2 9 2 
1 0 1 2 14 8 9 
6 0 0 26 0 1 0 
1 0 2 5 0 0 0 
0 5 0 11 0 0 0 
0 0 0 5 0 0 0 
0 0 20 0 0 0 0 
0 0 5 0 1 14 4 
1 1 5 2 3 24 4 
0 0 9 2 2 23 8 
0 0 7 0 0 0 0 
21 10 42 32 10 52 20 
0 0 6 0 0 0 0 
0 0 7 0 0 0 0 
0 0 5 1 0 0 0 
1 0 6 1 3 11 21 
0 0 13 0 0 0 0 
14 0 1 8 0 0 0 
1 0 26 3 0 0 0 
0 0 0 0 0 8 7 
0 0 15 0 0 0 0 
0 0 5 0 0 0 0 
0 0 11 0 0 0 0 
0 0 5 0 0 0 0 
0 0 0 0 7 9 1 
0 0 2 0 2 42 18 
4 1 12 0 0 0 1 
0 0 1 0 7 20 30 
0 0 6 0 2 22 8 
3 0 10 0 0 0 0 
0 0 5 0 0 0 0 
0 0 5 0 1 10 4 
8 0 0 0 4 68 62 
52 1 7 12 1 3 3 
0 0 6 0 0 1 0 
0 0 1 0 20 338 133 
0 0 0 0 1 5 8 
0 0 4 0 0 3 7 
0 0 0 0 5 22 26 
4 0 70 8 0 0 0 
0 0 7 0 0 0 0 
2 0 5 2 0 0 0 
0 0 0 9 0 0 0 
49 1 1 48 0 0 0 
0 0 1 0 2 37 41 
0 0 0 0 0 0 9 
0 0 0 0 0 0 8 
0 0 0 0 0 0 7 
0 0 0 0 0 0 9 
0 0 0 0 0 12 10 
0 0 0 0 0 7 3 
0 0 0 0 0 10 0 
0 0 0 0 0 23 1 
0 0 0 0 0 11 0 
0 0 0 0 0 4 6 
0 0 0 0 0 20 19 
0 0 0 0 0 5 6 
0 0 0 0 0 5 6 
0 0 0 0 0 18 11 
0 0 0 0 3 3 11 
0 0 0 0 1 8 3 
0 0 0 0 4 9 7 
0 0 0 0 1 16 1 
0 0 0 0 8 0 0 
0 0 0 0 5 47 18 
0 0 0 0 5 1 0 
1 0 7 46 10 22 36 
22 0 26 17 0 0 0 
22 0 43 41 7 63 21 
0 0 0 0 2 2 6 
0 0 11 0 0 0 0 
0 0 0 0 6 24 9 
31 0 0 0 0 0 0 
7 0 1 29 0 0 0 
18 4 20 45 0 4 0 
2 0 0 0 2 15 7 
39 3 29 87 0 2 1 
9 2 55 0 0 0 0 
7 1 29 12 1 2 1 
1 0 37 0 0 0 0 
13 2 10 41 0 0 0 
26 0 11 4 0 0 0 
1 0 8 0 0 0 0 
14 1 26 15 1 11 5 
0 0 0 6 0 0 0 
5 1 13 11 0 0 0 
4 0 6 5 0 11 14 
0 0 17 0 0 0 0 
0 0 0 0 2 5 8 
16 0 4 4 0 0 0 
2 1 7 6 0 1 0 
5 0 0 0 1 3 1 
10 0 6 3 6 1 0 
29 15 673 15 0 0 0 
1 0 11 4 0 0 0 
11 0 17 0 93 317 199 
6 0 4 1 0 0 0 
0 0 1 23 0 0 0 
11 0 26 0 0 0 0 
0 0 0 0 0 117 0 
2 0 66 2 0 0 0 
5 0 0 0 0 0 0 
2 0 2 11 0 0 0 
5 13 36 16 0 0 0 
2 0 2 22 1 0 2 
0 0 0 0 0 5 0 
0 0 0 6 0 0 0 
9 0 6 5 0 1 0 
9 3 54 7 0 6 12 
6 0 14 9 0 14 7 
9 0 72 0 0 0 0 
0 0 8 0 0 0 0 
14 1 0 11 4 13 11 
23 0 120 2 0 0 0 
37 1 191 65 2 33 24 
9 1 39 0 0 0 0 
0 0 0 1 0 9 9 
0 0 12 3 0 0 0 
34 0 38 7 0 0 0 
0 0 0 0 70 13 33 
9 0 39 4 0 0 0 
2 0 0 6 0 0 0 
7 0 8 3 0 0 0 
5 0 27 26 0 0 0 
10 0 1 1 0 1 0 
77 7 1 135 0 2 0 
4 0 3 6 0 0 0 
85 1 14 13 0 0 0 
85 13 863 78 0 1 0 
0 0 0 13 0 0 0 
17 2 2 24 0 1 0 
21 2 72 24 0 0 0 
13 0 9 88 4 39 30 
90 1 125 6 0 0 0 
102 9 0 126 0 0 0 
7 0 23 0 0 0 0 
12 1 5 13 0 0 0 
26 0 24 59 2 0 0 
1 0 14 1 0 0 0 
1 0 4 5 0 0 0 
269 51 282 245 1 0 0 
20 3 15 9 0 0 0 
0 0 94 0 0 0 0 
13 2 13 72 8 31 23 
13 7 64 3 0 0 0 
14 5 17 54 2 0 0 
10 0 28 11 1 3 0 
87 0 44 79 0 0 0 
0 0 0 0 0 13 0 
0 0 0 0 0 31 43 
0 0 3 0 2 7 3 
4 1 23 5 0 0 1 
6 0 24 31 2 16 17 
0 0 6 0 0 0 0 
14 2 24 26 0 0 0 
6 0 18 11 0 0 0 
17 0 17 0 0 0 0 
13 1 42 24 3 3 3 
0 0 0 0 0 1 9 
146 0 138 81 3 3 1 
175 3 24 30 0 0 1 
0 0 0 0 0 9 0 
38 4 74 4 0 1 1 
8 3 67 13 0 0 0 
5 0 0 0 0 0 0 
30 4 27 12 0 0 0 
0 0 0 0 39 25 5 
9 1 30 16 0 26 9 
7 2 17 2 0 0 0 
0 0 0 3 6 30 41 
0 0 0 0 1 1 8 
31 2 154 34 0 0 1 
13 0 15 39 0 0 1 
7 1 17 12 0 3 2 
2 0 19 0 3 2 4 
5 1 5 3 0 0 0 
20 0 9 6 0 5 6 
22 2 0 8 0 0 0 
5 0 14 4 1 1 1 
2 0 16 5 0 0 0 
26 0 7 21 0 0 0 
5 0 16 4 0 0 0 
7 0 3 3 0 0 0 
0 0 8 0 0 0 0 
9 7 40 32 0 0 0 
6 0 1 9 0 0 0 
8 2 121 8 0 0 0 
11 5 5 5 0 1 2 
4 1 18 4 0 0 0 
211 0 14 24 0 0 0 
39 0 82 14 0 6 4 
0 0 0 0 1 9 9 
6 0 1 0 0 0 1 
68 1 16 27 0 0 8 
1 0 1 0 10 4 0 
4 2 8 0 0 0 0 
0 1 114 3 0 0 0 
0 0 52 0 0 0 0 
0 0 91 0 0 0 0 
0 0 284 0 0 0 0 
0 1 5 53 0 2 0 
8 0 18 28 2 0 0 
0 0 10 0 0 0 0 
7 1 41 56 1 1 0 
0 0 246 0 0 40 57 
0 0 0 0 2 16 6 
0 0 44 0 0 0 0 
0 0 9 0 2 39 20 
0 0 0 0 2 21 7 
0 0 1 0 5 13 17 
0 0 111 0 0 0 0 
0 0 26 0 0 0 0 
0 0 0 0 0 1 12 
0 0 0 0 0 19 3 
0 0 20 0 0 0 0 
0 0 6 0 0 0 0 
0 0 7 0 1 1 3 
0 0 11 1 0 3 1 
0 0 1 0 5 22 20 
1 0 0 1 25 49 45 
0 0 6 0 0 0 0 
0 0 1 0 8 76 86 
0 0 6 0 0 0 0 
22 6 9 101 0 1 0 
0 0 9 0 0 0 0 
36 1 64 194 0 0 0 
0 0 0 0 33 62 17 
20 0 3 8 1 0 0 
18 0 3 1 0 0 0 
0 0 0 7 0 0 0 
8 0 11 6 1 3 1 
0 0 1 0 0 5 3 
0 0 7 1 0 0 0 
0 0 0 1 4 18 18 
20 2 53 25 0 0 0 
0 0 12 0 0 0 0 
0 0 0 0 0 0 11 
0 0 7 0 0 0 0 
0 0 0 4 0 160 10 
17 0 7 8 0 0 0 
1 0 1 0 6 69 29 
1 0 0 0 12 109 94 
0 0 0 5 0 0 0 
82 5 69 52 2 0 0 
0 0 0 0 0 7 0 
17 0 107 26 0 0 0 
0 0 0 13 0 0 0 
0 0 0 13 0 0 0 
0 0 0 0 0 29 33 
0 0 0 0 107 0 0 
0 0 0 0 18 24 19 
0 0 0 0 11 33 14 
2 0 15 127 0 0 0 
0 0 0 0 17 92 64 
0 0 0 0 0 9 2 
0 0 0 0 0 8 3 
0 0 0 0 2 13 14 
0 0 0 43 0 0 0 
0 0 0 0 0 1 6 
39 1 91 3 0 0 0 
2 0 87 0 3 7 4 
0 0 0 1 0 12 6 
3 0 13 3 0 0 0 
5 0 8 0 0 0 0 
2 0 10 0 0 0 0 
0 0 24 0 3 25 18 
7 0 6 1 0 2 0 
2 0 16 14 0 0 0 
0 0 0 6 0 0 0 
7 0 281 6 0 0 0 
1 3 16 9 0 0 0 
13 0 36 12 0 0 0 
0 0 18 0 0 0 0 
11 0 0 5 0 0 0 
1 0 0 0 1 6 2 
0 0 0 0 2 11 25 
14 0 12 0 4 8 11 
0 0 9 0 1 4 8 
0 0 0 0 1 26 28 
54 2 121 18 0 0 0 
8 0 16 40 1 1 0 
2 0 3 195 0 0 0 
68 0 246 86 0 0 0 
2 0 7 1 0 0 0 
8 0 5 5 5 23 27 
88 0 1 4 0 0 0 
1 0 18 0 0 0 0 
0 0 0 17 0 0 0 
2 0 0 64 0 0 0 
12 0 0 0 0 0 0 
10 0 0 1 34 180 123 
3 0 0 15 0 0 0 
29 0 51 13 0 0 0 
20 3 58 60 0 0 0 
83 2 14 3 0 0 0 
3 3 35 15 0 0 0 
39 21 23 46 0 4 2 
5 0 9 17 1 7 8 
0 0 0 0 3 2 5 
294 2 3 26 0 0 0 
11 0 2 1 2 2 6 
5 0 6 1 0 0 0 
19 2 6 12 0 0 0 
2 3 27 0 0 0 0 
0 0 0 36 0 0 0 
15 1 16 9 0 0 0 
1 1 0 431 1 3 0 
0 0 3 0 9 64 45 
0 0 8 0 0 0 0 
119 234 609 161 0 0 0 
17 0 3 26 0 0 0 
0 0 2 0 0 2 7 
9 8 5 29 0 1 3 
22 0 25 308 0 0 0 
0 0 12 0 0 0 0 
0 0 10 0 0 0 0 
0 0 2 0 0 7 10 
384 33 798 351 2 0 2 
0 0 0 19 0 0 0 
0 0 0 9 0 0 0 
0 0 0 14 0 0 0 
1 0 9 2 0 0 0 
0 0 0 7 0 0 0 
0 0 0 8 0 0 0 
0 0 0 0 0 6 12 
5 1 7 3 0 0 0 
18 1 33 17 0 1 0 
0 0 0 32 0 0 0 
0 0 0 0 6 0 18 
0 0 0 53 0 0 0 
0 0 0 0 1 12 11 
34 2 43 19 4 11 10 
0 0 0 0 0 0 6 
0 0 0 0 0 0 107 
0 0 0 0 0 0 96 
0 0 0 0 0 14 3 
0 0 0 0 0 2 12 
0 0 0 0 0 6 1 
0 0 0 0 0 4 7 
0 0 0 0 0 10 3 
0 0 0 0 0 6 2 
0 0 0 0 0 10 18 
0 0 0 0 1 7 3 
0 0 0 0 1 2 12 
0 0 0 0 22 55 16 
0 0 0 0 3 6 6 
0 0 0 0 34 308 135 
0 0 0 5 0 0 0 
0 0 0 19 0 0 0 
0 0 0 7 0 0 0 
0 0 0 6 0 0 0 
0 0 0 7 0 0 0 
2 1 49 0 0 3 4 
7 0 3 7 0 2 0 
4 1 17 180 0 0 0 
0 0 0 10 0 0 0 
70 4 35 78 0 1 0 
3 0 6 1 0 0 0 
7 0 0 0 0 0 0 
7 2 44 6 0 0 0 
1 0 0 1 0 5 5 
0 0 8 0 0 0 0 
10 0 4 40 0 0 0 
4 0 10 4 23 129 113 
4 1 10 5 0 14 15 
5 0 0 0 0 0 0 
13 0 10 1 0 0 1 
0 0 5 0 0 0 0 
9 0 61 23 1 12 4 
5 0 0 0 0 0 0 
17 0 19 10 0 0 0 
2 0 4 1 2 2 5 
3 2 8 3 6 17 20 
0 0 13 0 0 0 0 
1 0 6 0 1 8 8 
48 1 16 17 0 1 0 
6 0 0 0 0 0 0 
6 0 5 0 0 1 0 
43 15 97 20 1 2 3 
0 0 19 0 0 0 0 
3 0 0 15 0 1 5 
26 2 94 25 0 7 9 
14 0 0 0 0 0 0 
3 0 0 14 0 0 0 
1 0 10 0 0 0 0 
21 2 72 13 0 0 0 
0 0 0 0 0 1 5 
0 0 0 17 0 0 0 
7 0 23 9 0 0 0 
14 0 2 13 0 0 0 
0 0 16 0 3 7 1 
18 2 6 5 1 2 0 
0 0 0 0 0 6 1 
1 0 0 6 0 2 2 
0 0 0 0 0 0 98 
73 13 239 52 0 2 1 
86 2 267 55 0 0 0 
5 0 1 36 2 6 4 
0 0 5 0 0 0 0 
51 0 62 120 0 4 0 
6 0 4 1 1 1 0 
95 3 13 45 0 0 0 
15 0 0 13 3 8 13 
7 0 22 2 0 0 0 
175 1 296 179 0 0 0 
0 0 7 0 0 0 0 
1 0 5 2 1 1 0 
0 0 0 6 0 0 0 
0 0 5 0 0 0 2 
1 0 0 463 0 0 0 
72 3 67 33 0 0 0 
0 8 3 0 0 0 0 
1 3 11 0 0 0 0 
0 2 0 15 0 0 0 
5 0 3 0 0 0 0 
0 0 35 0 0 2 1 
0 0 38 0 0 0 0 
0 0 6 0 0 0 0 
0 0 16 7 0 0 0 
4 0 7 1 1 3 4 
0 0 7 0 0 0 0 
0 0 0 18 0 1 2 
216 25 35 42 2 4 0 
0 0 9 0 0 0 0 
0 0 6 0 0 0 0 
96 0 136 402 0 0 0 
0 0 14 0 0 0 0 
6 0 6 1 0 0 0 
0 0 1 3 0 2 12 
0 0 1 1 0 13 16 
0 0 1 0 0 5 3 
0 0 7 0 0 0 0 
6 5 23 9 23 0 0 
0 0 0 0 0 0 15 
0 0 0 0 0 0 6 
0 0 0 0 0 1 16 
0 0 0 0 0 5 0 
6 0 0 1 4 17 13 
0 0 3 1 4 74 85 
4 0 2 1 4 44 60 
0 0 2 7 0 3 1 
0 0 0 0 7 4 1 
3 1 10 5 0 21 26 
0 0 0 0 3 6 2 
0 0 5 2 8 123 89 
0 0 1 3 14 6 3 
0 0 0 0 2 8 4 
0 0 1 0 24 137 176 
0 0 5 0 0 0 0 
0 0 0 0 0 5 3 
0 0 14 0 0 0 0 
0 0 2 19 0 0 0 
0 0 0 15 0 0 0 
0 9 161 56 5 1 7 
0 0 0 0 0 6 3 
1 0 1 5 0 0 0 
2 0 0 47 0 5 12 
9 0 0 0 0 0 0 
1 0 17 1 0 18 12 
0 0 0 0 0 6 4 
0 0 0 0 2 24 30 
0 0 11 0 0 0 0 
0 0 0 0 0 8 16 
1 0 1 0 0 4 9 
1 0 28 0 0 0 0 
21 0 114 3 9 38 42 
1 0 3 3 11 66 72 
2 0 7 0 0 0 0 
90 2 0 0 0 0 0 
2 0 3 0 2 5 2 
1 0 27 0 0 0 0 
0 0 0 0 0 19 5 
7 0 0 0 0 0 0 
0 0 1 1 3 42 51 
0 0 0 2 2 8 17 
7 1 57 44 1 3 5 
3 0 5 0 1 9 6 
1 0 0 5 0 7 4 
11 1 15 20 0 0 0 
0 0 0 27 0 0 0 
6 0 68 3 0 0 0 
6 0 3 0 0 0 0 
1 0 0 0 3 14 7 
0 0 0 0 0 18 2 
0 0 6 0 0 0 0 
1 0 4 6 1 14 4 
0 0 0 0 1 7 12 
0 0 1 1 2 16 18 
21 2 32 3 0 0 0 
0 0 0 0 2 29 31 
0 0 0 0 2 6 16 
0 0 0 0 0 5 4 
7 9 6 0 0 0 0 
2 0 1 9 1 15 16 
2 0 0 3 22 111 79 
171 17 613 455 4 13 15 
0 0 0 0 0 4 8 
0 0 0 0 12 21 20 
1 0 24 12 9 103 84 
0 0 1 0 4 23 24 
3 0 2 1 6 34 13 
0 0 0 2 1 11 14 
20 0 0 0 0 0 0 
1 0 3 1 0 8 12 
8 0 8 0 0 0 0 
45 4 27 8 40 84 55 
2 0 1 2 9 88 100 
8 1 6 1 0 0 0 
0 0 0 6 0 0 0 
0 0 5 0 0 0 0 
0 0 0 0 28 47 19 
1 0 0 0 1 15 8 
0 0 0 0 0 2 7 
0 0 1 0 0 16 11 
2 1 3 3 1 9 16 
6 0 0 0 0 0 0 
1 0 1 1 37 84 43 
0 0 0 1 1 7 10 
9 0 9 44 1 6 10 
4 0 7 11 39 130 123 
0 0 0 0 2 12 7 
2 0 5 0 0 0 0 
1 0 0 0 5 4 9 
0 0 0 0 0 0 6 
10 1 3 1 33 141 73 
1 0 1 0 1 6 3 
0 0 0 0 0 1 5 
5 1 2 6 0 0 0 
0 0 0 14 0 0 0 
1 0 6 3 0 14 8 
0 0 1 0 3 6 14 
0 0 0 0 0 2 5 
1 0 47 4 0 1 2 
0 0 15 0 0 0 0 
16 2 29 15 1 0 1 
0 0 0 0 13 120 106 
3 0 0 0 26 113 49 
72 106 66 541 14 122 116 
0 0 7 0 0 0 0 
0 0 2 1 3 24 11 
0 0 0 9 0 0 0 
0 0 0 22 0 0 0 
0 0 0 0 1 7 3 
0 0 0 1 4 30 18 
0 0 0 0 5 3 16 
0 0 0 0 2 3 6 
0 0 0 5 0 0 0 
0 0 0 30 0 0 0 
0 0 0 0 6 0 2 
0 0 0 0 1 5 6 
0 0 0 2 2 5 5 
0 0 0 0 0 10 0 
0 0 0 3 2 6 1 
0 0 0 18 0 3 2 
0 0 0 0 0 10 14 
0 0 0 0 0 5 2 
1 0 0 33 0 0 0 
0 0 0 0 1 4 15 
0 0 0 0 1 4 5 
0 0 0 0 1 13 6 
0 0 0 0 3 45 12 
0 0 0 0 1 5 3 
0 0 0 0 2 7 9 
0 0 0 0 0 10 3 
0 0 1 3 0 6 0 
0 0 0 0 1 13 2 
0 0 0 0 2 59 58 
0 0 0 0 3 24 31 
0 0 0 0 2 10 8 
42 2 32 3 32 60 63 
0 0 0 0 1 12 8 
0 0 0 0 10 0 1 
0 0 0 0 4 8 2 
0 0 6 4 2 24 17 
1 0 14 0 0 0 3 
196 4 0 0 1 11 8 
0 0 0 0 0 6 0 
0 0 16 0 0 0 0 
0 0 0 0 1 12 20 
0 0 0 0 0 0 8 
0 0 0 0 1 10 1 
0 0 0 0 1 21 11 
0 0 0 0 2 7 6 
0 0 0 0 3 9 15 
0 0 0 0 4 38 24 
0 0 0 0 1 6 6 
0 0 0 0 0 9 10 
0 0 0 0 0 9 12 
0 0 0 0 1 8 3 
11 0 2 3 0 0 0 
0 0 0 0 0 8 20 
5 1 31 9 5 5 6 
2 0 19 14 0 2 0 
0 0 0 0 0 4 5 
0 0 0 0 0 12 9 
0 0 0 0 0 13 7 
0 0 0 0 0 6 0 
0 0 0 0 0 15 11 
0 0 0 0 0 20 27 
0 0 0 0 0 47 17 
0 0 14 12 0 0 0 
0 0 0 0 0 11 2 
0 0 0 0 0 19 2 
0 0 0 0 0 2 23 
0 0 0 0 0 1 6 
0 0 0 0 0 6 4 
0 0 0 0 6 55 46 
0 0 0 7 0 0 0 
0 0 0 8 0 0 0 
0 0 8 0 0 0 0 
1 0 2 0 1 7 9 
0 0 0 0 3 1 6 
1 0 6 0 0 0 0 
1 0 12 6 0 12 10 
6 0 0 0 0 0 0 
15 0 0 5 0 0 1 
43 2 36 27 1 0 0 
1 0 2 1 6 8 2 
7 0 0 1 0 0 0 
3 0 0 16 1 0 0 
108 0 0 0 0 0 0 
6 0 0 0 0 0 0 
13 0 7 0 0 0 0 
1 0 1 0 0 3 6 
8 0 1 1 0 0 0 
7 0 8 6 0 0 0 
0 0 20 0 0 0 0 
1 0 1 42 0 0 0 
7 0 7 6 5 11 19 
0 0 0 0 0 4 5 
16 1 59 0 0 1 0 
0 0 9 0 0 0 0 
0 0 2 0 0 14 31 
0 0 52 0 0 0 0 
0 0 11 0 0 0 0 
0 0 17 0 0 0 0 
0 0 1 0 2 7 6 
0 0 6 0 0 0 0 
0 0 6 0 0 0 0 
5 0 47 1 0 4 0 
0 0 8 0 0 0 0 
4 1 5 0 0 0 0 
0 0 5 0 0 0 0 
0 0 5 1 0 0 0 
0 0 0 0 0 0 56 
0 0 0 0 0 0 5 
0 0 0 0 0 0 9 
0 0 0 0 0 13 9 
0 0 0 0 0 4 7 
0 0 0 0 0 5 3 
0 0 0 0 0 5 5 
0 0 0 0 0 4 6 
0 0 0 0 0 2 7 
0 0 0 0 0 10 0 
0 0 0 0 0 8 0 
0 0 0 0 0 4 8 
0 0 0 0 0 6 7 
0 0 0 0 0 11 1 
0 0 0 0 0 8 4 
0 0 0 0 0 5 5 
0 0 0 0 0 6 7 
0 0 0 0 0 5 7 
0 0 0 0 1 5 4 
0 0 0 0 4 12 4 
0 0 0 0 1 7 2 
0 0 0 0 1 8 3 
0 0 0 0 4 81 99 
0 0 0 0 3 13 8 
0 0 0 0 1 6 5 
0 0 0 0 32 16 16 
0 0 0 0 4 7 12 
0 0 0 0 3 8 6 
0 0 0 0 4 4 12 
0 0 0 0 8 15 13 
0 0 0 0 11 109 106 
0 0 0 0 4 2 6 
0 0 0 0 8 0 15 
0 0 0 0 0 12 15 
0 0 0 0 2 8 2 
0 0 0 2 1 6 1 
0 0 0 5 0 0 0 
0 0 0 35 0 0 0 
0 0 0 26 0 0 0 
0 0 0 6 0 0 0 
0 0 0 6 0 0 0 
0 0 0 12 0 0 0 
0 0 0 5 0 0 0 
0 0 0 0 0 7 4 
0 0 0 1 4 35 3 
0 0 0 5 0 0 0 
0 0 0 74 0 0 0 
0 0 0 1 13 94 136 
0 0 0 0 1 5 0 
0 0 0 13 0 0 0 
0 0 0 1 8 1 0 
0 0 0 0 0 0 5 
0 0 0 18 0 0 0 
0 0 1 46 0 0 0 
0 0 0 7 0 0 0 
0 0 0 23 0 0 0 
1 0 0 1 0 61 76 
0 0 5 0 0 0 0 
2 0 0 0 0 0 6 
1 1 42 11 0 0 0 
0 0 0 0 2 6 1 
4 0 6 14 0 0 0 
1 0 0 7 1 8 14 
2 0 0 3 2 29 43 
2 1 6 1 4 103 68 
14 0 0 0 0 0 0 
0 0 0 0 0 12 24 
3 0 17 12 0 0 1 
0 0 0 0 0 1 6 
53 0 22 12 0 0 0 
24 4 97 18 0 5 5 
1 0 1 0 7 21 18 
1 0 9 3 3 4 7 
27 0 2 358 0 1 0 
0 0 0 27 0 0 0 
0 0 0 0 0 3 5 
1 0 0 5 0 0 0 
0 0 0 0 0 54 115 
4 2 2 5 0 0 0 
13 0 0 0 0 0 0 
4 6 59 6 1 3 0 
5 0 0 0 0 0 0 
1 0 2 8 0 0 0 
0 0 8 4 0 0 0 
27 2 45 33 3 1 1 
1 0 10 117 0 0 0 
10 2 35 8 0 0 0 
0 0 0 0 1 1 16 
0 0 23 5 0 0 0 
27 0 0 3 0 0 0 
6 0 2 1 0 15 6 
0 0 0 2 10 38 40 
6 0 12 1 0 0 0 
3 0 12 2 0 0 0 
1 0 5 6 0 0 0 
5 0 0 1 0 0 0 
1 0 43 2 2 4 1 
81 5 24 91 1 0 0 
14 0 3 1 1 4 8 
0 0 0 0 0 16 31 
0 0 9 2 0 0 0 
0 0 4 5 0 0 0 
14 2 25 86 2 10 16 
8 0 0 0 0 0 0 
13 4 89 9 0 0 0 
41 0 48 16 6 9 9 
18 0 34 30 0 0 0 
2 0 5 0 0 0 0 
31 2 1 25 0 1 0 
21 1 60 36 0 0 0 
0 0 0 0 0 12 5 
0 0 0 0 4 9 16 
26 1 123 65 0 18 29 
13 0 3 7 0 0 0 
1 0 40 5 1 2 1 
34 2 71 84 2 24 9 
7 0 6 9 1 1 0 
10 0 3 0 0 0 0 
15 0 68 2 10 70 71 
12 3 14 20 0 0 0 
3 2 48 53 0 8 13 
1 0 0 0 221 328 98 
4 0 0 25 0 2 1 
0 0 1 1 1 3 6 
3 2 32 2 1 2 1 
35 5 2 67 0 22 10 
106 0 5 2 2 12 5 
0 0 0 0 42 2 7 
12 0 44 29 0 0 5 
19 0 0 0 2 4 5 
10 0 9 0 0 0 0 
2 0 7 0 36 77 54 
0 0 0 0 2 3 13 
12 0 19 19 21 59 48 
0 0 5 1 0 4 0 
1 0 0 0 2 11 36 
1 0 9 0 0 0 0 
64 2 116 48 1 12 8 
0 0 0 0 0 1 7 
7 0 0 3 0 0 0 
31 0 43 4 0 0 0 
1 0 10 0 0 0 0 
2 1 0 0 31 137 217 
0 0 0 0 4 5 3 
33 0 256 51 0 27 17 
33 3 54 45 1 0 0 
10 0 41 18 0 0 0 
0 0 6 0 0 0 0 
20 2 6 8 0 3 2 
75 1 153 1 0 4 8 
0 0 230 0 0 0 0 
35 0 5 3 0 0 0 
2 0 4 7 0 0 0 
6 0 20 4 18 17 7 
2 0 0 11 0 0 0 
1 0 6 0 0 0 0 
27 0 81 0 3 8 5 
15 12 46 286 1 13 8 
1 0 2 1 1 9 6 
0 0 0 21 0 0 0 
104 0 141 55 0 0 0 
0 0 0 0 0 26 16 
0 0 5 0 3 0 0 
5 0 0 0 0 0 0 
11 2 15 6 0 0 0 
11 0 2 0 0 0 0 
2 0 0 2 29 39 44 
63 0 293 2 1 0 0 
12 0 20 10 1 8 12 
47 5 58 35 11 45 44 
1 0 2 3 11 43 50 
107 9 83 37 0 1 4 
1 1 1 0 3 6 3 
130 2 162 265 0 3 0 
3 0 19 0 0 1 0 
0 0 0 9 0 0 0 
77 1 113 54 0 2 2 
3 0 1 3 8 29 30 
0 0 4 8 0 0 0 
54 0 10 4 0 0 0 
0 0 0 0 0 10 5 
12 0 27 42 0 1 0 
0 0 0 0 0 0 9 
4 0 14 0 0 0 0 
16 0 0 22 2 2 1 
13 5 11 27 1 0 0 
5 0 3 3 0 0 0 
8 0 5 0 0 0 0 
47 0 0 1 0 0 0 
4 0 13 12 11 114 59 
9 0 12 19 0 0 0 
17 0 14 50 0 1 2 
6 0 15 5 0 0 0 
30 0 0 0 0 0 0 
0 0 0 0 0 3 5 
0 0 0 0 2 13 7 
6 0 3 5 6 5 3 
3 0 0 5 0 0 0 
40 0 31 312 0 0 0 
5 0 7 10 0 0 0 
6 0 0 0 0 0 0 
1 0 20 4 0 0 0 
0 0 1 0 0 8 1 
6 0 0 0 13 90 33 
1 0 0 12 0 2 0 
13 1 5 9 0 4 0 
18 1 40 198 12 18 13 
8 0 0 0 0 0 0 
16 4 17 66 6 8 13 
8 0 0 0 0 0 0 
38 6 192 110 0 0 0 
1 0 0 0 5 4 4 
102 1 136 76 3 1 1 
670 0 483 101 7 7 20 
1 0 0 17 0 0 0 
0 0 0 0 0 12 1 
2 0 6 1 0 0 0 
1 0 38 0 0 0 0 
1 0 0 0 14 21 10 
2 1 9 7 1 2 0 
0 0 0 13 0 0 0 
8 0 2 16 0 5 3 
0 0 2 0 0 10 4 
1 0 1 0 0 5 4 
6 0 5 0 1 8 2 
2 0 30 1 0 2 3 
3 0 0 0 18 12 17 
1 0 5 0 0 0 0 
0 0 33 0 0 0 0 
0 0 0 0 1 0 8 
180 14 320 222 0 1 0 
0 0 0 0 0 5 0 
15 0 7 1 0 0 0 
36 0 18 54 37 96 59 
2 0 7 3 0 0 0 
0 0 0 0 17 0 21 
44 2 36 5 0 0 0 
0 1 0 1 0 70 74 
0 0 5 3 0 0 0 
0 0 8 0 0 0 0 
0 0 5 1 1 0 0 
226 6 215 102 0 1 1 
93 4 33 64 1 1 2 
0 0 9 0 0 0 0 
0 0 10 0 1 23 13 
213 21 2 1336 1 0 0 
0 0 10 0 0 0 0 
0 0 0 0 1 7 2 
0 0 18 0 1 0 0 
0 0 5 3 0 0 0 
0 0 0 0 0 16 8 
0 0 0 0 3 12 11 
0 0 13 0 0 0 0 
0 0 5 3 0 1 1 
4 0 10 2 0 0 0 
0 0 0 9 0 0 0 
0 0 6 0 0 0 0 
0 0 0 0 1 22 21 
0 0 1 0 0 0 6 
10 0 2 12 0 3 0 
0 0 4 1 17 30 25 
0 0 5 3 0 0 0 
0 0 20 0 0 0 0 
6 0 81 376 16 99 101 
0 0 1 0 6 24 14 
0 0 0 0 5 0 0 
34 1 36 46 0 0 0 
0 0 1 5 0 0 0 
0 0 0 0 3 20 2 
0 0 0 0 0 0 15 
0 0 0 0 0 0 5 
0 0 0 0 0 0 8 
0 0 0 0 0 0 8 
0 0 0 0 0 0 15 
0 0 0 0 0 0 8 
0 0 0 0 0 0 10 
0 0 0 0 0 1 7 
0 0 0 0 0 5 3 
0 0 0 0 0 9 3 
0 0 0 0 0 5 4 
0 0 0 0 0 6 8 
0 0 0 0 0 3 6 
0 0 0 0 0 16 9 
0 0 0 0 0 23 4 
0 0 0 0 0 5 2 
0 0 0 0 0 22 0 
0 0 0 0 0 12 7 
0 0 0 0 0 5 2 
0 0 0 0 0 9 0 
0 0 0 0 0 15 39 
0 0 0 0 0 6 0 
0 0 0 0 0 24 7 
0 0 0 0 0 8 0 
0 0 0 0 0 7 9 
0 0 0 0 0 10 18 
0 0 0 0 0 8 1 
0 0 0 0 0 5 11 
0 0 0 0 0 4 13 
0 0 0 0 0 7 10 
0 0 0 0 0 10 17 
0 0 0 0 0 16 17 
0 0 0 0 0 7 8 
0 0 0 0 0 13 11 
0 0 0 0 0 7 6 
0 0 0 0 0 60 32 
0 0 0 0 3 12 17 
0 0 0 0 1 20 4 
0 0 0 0 16 10 4 
0 0 0 0 4 15 8 
11 0 22 18 5 2 2 
0 1 0 0 0 23 37 
9 0 15 0 0 0 0 
2 0 1 0 0 4 7 
0 1 3 9 1 4 2 
0 1 0 630 0 0 0 
0 5 0 0 0 0 0 
0 0 16 10 16 112 168 
9 0 0 0 0 0 0 
50 1 25 20 14 81 48 
99 0 5 68 0 11 1 
0 0 0 0 6 0 0 
0 0 3 43 53 166 114 
2 2 15 0 2 48 54 
0 0 0 0 0 1 8 
0 0 53 0 0 0 0 
14 0 4 3 0 0 0 
5 0 0 4 6 39 15 
2 1 16 11 17 126 109 
1 1 1 7 0 0 0 
0 0 0 0 0 3 10 
1 0 0 0 2 8 7 
0 0 0 0 0 13 1 
0 2 3 1 2 25 21 
0 0 0 0 0 5 1 
19 0 3 73 0 0 0 
1 0 0 2 2 6 3 
2 0 16 7 7 39 37 
1 0 24 0 0 0 0 
1 4 8 0 0 1 0 
0 0 0 2 1 53 6 
0 0 0 1 0 2 6 
8 2 76 11 0 0 0 
11 0 0 0 0 0 0 
17 1 21 5 10 68 30 
1 0 0 2 3 58 41 
0 0 0 0 28 1 0 
4 0 11 84 0 0 0 
63 0 400 3 3 29 28 
0 0 0 0 6 1 2 
0 0 0 9 0 0 0 
45 5 71 21 77 301 239 
7 0 2 2 1 0 0 
19 1 37 15 0 0 0 
8 0 0 0 0 0 0 
41 0 1 8 18 25 26 
0 0 0 1 3 10 9 
0 0 11 0 0 0 0 
4 0 36 11 11 52 47 
0 0 0 0 1 19 19 
1 0 0 0 0 8 8 
0 0 2 0 0 21 5 
1 0 6 1 0 3 0 
0 0 0 5 0 0 0 
13 0 17 7 0 0 0 
0 0 0 0 9 4 0 
5 0 0 0 0 0 0 
6 0 0 0 0 8 1 
2 0 3 0 6 29 17 
2 0 1 6 4 76 91 
4 0 9 4 1 7 5 
19 0 1 11 0 0 0 
0 0 0 0 0 5 6 
0 0 0 0 5 0 1 
45 0 0 1 0 0 0 
18 6 29 88 29 66 60 
0 0 1 0 9 74 78 
0 0 0 6 0 0 0 
0 0 0 10 0 0 0 
2 1 0 0 7 68 144 
0 0 0 0 3 14 19 
0 0 0 0 8 1 0 
0 0 17 0 0 0 0 
7 0 34 8 0 0 0 
8 1 2 0 3 0 0 
0 0 8 1 2 57 50 
0 0 28 1 0 4 2 
0 0 2 0 4 15 10 
8 2 0 0 0 0 0 
0 0 0 10 0 0 0 
143 18 77 25 0 2 2 
3 1 0 0 0 2 5 
0 0 0 19 0 0 0 
0 0 0 0 0 5 4 
8 4 85 0 0 0 0 
3 0 0 5 0 1 1 
11 0 2 0 0 0 0 
12 0 4 19 6 20 15 
10 0 5 7 0 0 0 
33 1 20 0 0 0 0 
7 1 19 13 10 40 29 
0 0 2 2 1 7 4 
58 2 55 48 0 0 0 
0 0 0 1 14 32 31 
0 0 0 4 3 32 34 
7 0 0 0 0 0 0 
5 0 0 0 0 0 0 
0 0 0 2 6 12 1 
11 0 0 0 0 0 0 
0 0 1 0 8 61 60 
0 0 23 0 0 0 0 
0 0 1 0 32 119 88 
11 1 82 7 0 0 0 
0 0 0 0 0 0 8 
7 1 35 4 8 41 28 
6 0 0 2 0 0 0 
0 0 0 0 16 126 136 
10 0 0 7 0 0 0 
15 0 0 0 0 0 0 
51 0 5 12 0 0 0 
7 0 0 0 11 37 15 
0 0 0 0 11 29 23 
0 0 8 0 0 0 0 
0 0 1 0 0 9 9 
0 0 5 0 0 0 0 
0 0 0 0 0 12 10 
0 0 9 0 0 0 0 
17 1 0 538 0 0 0 
0 0 0 0 2 19 18 
4 1 2 1 12 3 3 
0 0 40 0 0 5 0 
0 0 1 2 23 100 134 
0 0 17 0 0 0 0 
0 0 5 0 0 0 0 
0 0 10 0 0 0 0 
0 0 0 14 0 0 0 
0 0 5 0 0 0 0 
0 0 0 13 0 0 1 
3 0 0 1 16 32 38 
0 0 0 2 1 8 4 
5 0 0 0 0 0 0 
0 0 11 1 0 1 0 
103 3 17 6 0 1 0 
0 0 5 0 0 0 1 
0 0 11 0 9 4 0 
0 0 0 0 1 5 2 
0 0 4 9 0 0 0 
2 0 6 0 0 0 0 
1 0 2 7 0 0 0 
0 0 2 0 0 5 1 
0 0 0 0 0 2 6 
0 0 0 0 2 6 5 
0 0 1 8 3 9 4 
0 0 0 18 0 0 0 
0 0 0 0 2 5 1 
0 0 0 5 0 0 0 
13 0 0 4 0 0 0 
0 0 0 11 0 0 0 
0 0 0 6 0 0 0 
0 0 0 0 3 24 15 
0 0 0 113 1 9 4 
0 0 0 33 0 0 0 
0 0 0 0 11 9 0 
0 0 0 7 0 0 0 
0 0 0 5 0 0 0 
0 0 0 1 0 9 12 
0 0 0 9 0 0 0 
0 0 0 0 1 3 7 
0 0 0 0 1 17 6 
0 0 0 16 0 0 0 
0 0 0 10 0 0 0 
0 0 0 0 5 29 8 
0 0 0 12 0 0 0 
0 0 0 0 102 275 121 
0 0 0 0 22 2 18 
0 0 0 0 4 13 24 
0 0 0 0 5 9 13 
0 0 0 0 1 5 5 
0 0 5 0 0 0 0 
1 0 1 2 1 39 68 
0 0 0 0 3 9 58 
0 0 0 31 0 0 0 
0 0 0 0 6 18 27 
0 0 0 0 9 13 14 
0 0 0 0 4 23 4 
0 0 0 0 1 10 3 
0 0 0 0 0 0 6 
0 0 0 0 0 3 5 
0 0 0 0 0 10 0 
0 0 0 0 0 8 10 
0 0 0 0 0 8 2 
0 0 0 0 0 1 10 
0 0 0 0 0 2 6 
0 0 0 0 0 2 6 
0 0 0 0 0 0 9 
0 0 0 0 0 8 5 
0 0 0 0 0 6 1 
0 0 0 0 0 5 4 
0 0 0 0 0 6 2 
0 0 0 0 0 28 29 
0 0 0 0 0 9 0 
0 0 0 0 1 9 5 
0 0 0 0 8 0 0 
0 0 0 0 1 6 4 
0 0 0 0 2 6 3 
0 0 0 0 1 8 15 
0 0 0 0 1 12 7 
0 0 0 0 3 9 43 
0 0 0 0 5 29 13 
0 0 0 0 4 22 23 
0 0 0 0 3 8 4 
0 13 35 8 0 0 0 
0 0 1 0 33 142 63 
1 0 0 0 15 60 31 
0 0 0 1 1 8 1 
1 0 1 0 1 13 14 
1 0 0 0 2 5 6 
1 0 0 0 74 3 5 
0 0 0 0 0 7 4 
0 0 11 1 1 16 15 
0 0 0 0 648 498 391 
0 0 0 9 6 23 19 
8 2 29 5 0 0 0 
2 0 3 3 0 5 1 
0 0 0 0 0 133 163 
9 0 8 11 10 21 40 
0 0 0 6 0 0 0 
0 0 0 0 1 10 4 
4 0 30 87 0 7 1 
13 0 10 3 0 0 0 
3 0 2 0 4 64 87 
3 0 40 18 0 0 0 
0 0 0 0 1 5 1 
1 0 22 5 0 2 0 
6 2 10 0 0 0 0 
0 0 0 14 0 0 0 
5 0 0 0 0 0 0 
0 0 1 0 16 38 15 
0 0 0 0 3 7 12 
1 0 2 1 1 3 10 
35 2 1 32 2 11 2 
3 0 0 1 0 2 7 
0 0 0 0 6 9 9 
6 1 4 5 1 3 0 
4 0 0 1 1 14 12 
13 0 31 9 16 64 48 
3 0 1 0 25 86 64 
0 0 0 0 7 5 8 
38 2 26 65 9 34 14 
75 3 126 138 11 122 85 
0 0 0 19 0 0 0 
6 0 85 45 5 32 23 
1 0 6 0 1 0 0 
0 0 0 0 1 3 10 
5 0 0 0 0 0 0 
78 0 26 30 0 3 0 
0 0 0 72 2 13 12 
0 0 0 0 0 16 0 
1 0 0 1 0 0 10 
2 0 7 12 13 55 46 
0 0 0 34 0 0 0 
0 0 0 0 0 3 7 
2 0 33 0 0 0 1 
1 0 19 0 1 0 1 
4 0 3 0 6 47 39 
542 0 57 16 0 0 0 
14 1 58 20 0 0 0 
1 0 2 0 2 11 16 
8 0 0 0 0 0 0 
15 0 0 85 17 37 101 
1 0 8 0 17 81 34 
2 0 0 7 3 27 11 
190 1 297 124 9 11 5 
1 0 0 18 0 1 0 
6 0 0 3 8 42 25 
0 0 0 0 0 5 12 
45 0 9 55 0 0 0 
0 0 0 0 3 29 24 
166 35 317 204 32 100 67 
44 0 6 0 2 13 11 
4 0 8 0 0 0 0 
13 0 0 0 0 0 0 
53 0 1 46 1 25 20 
9 0 3 3 0 0 0 
0 0 0 0 3 9 1 
254 6 555 28 0 1 2 
56 42 22 82 4 4 6 
0 0 1 0 1 6 4 
7 0 1 0 2 5 2 
5 0 0 0 0 6 1 
0 5 0 17 0 0 0 
0 0 0 3 2 15 10 
29 1 4 3 2 2 1 
6 0 19 0 0 0 0 
6 0 0 0 9 15 27 
2 0 0 6 33 97 117 
0 0 5 0 0 2 0 
0 0 0 0 27 24 37 
243 34 1160 254 0 0 1 
0 0 0 0 0 12 2 
35 0 1 1692 0 7 11 
0 0 0 0 1 7 7 
1 0 0 2 17 25 20 
12 0 11 159 0 0 0 
0 0 0 0 0 5 4 
0 0 0 0 8 76 106 
24 0 0 24 2 2 1 
13 3 11 8 0 0 0 
14 0 37 12 47 107 70 
0 0 0 0 2 15 15 
4 0 0 0 25 83 10 
2 0 7 2 0 0 0 
24 0 31 13 10 20 35 
19 0 0 9 4 19 23 
0 0 1 0 2 13 6 
0 0 0 0 1 10 2 
59 0 144 47 0 0 0 
217 0 280 0 0 0 0 
6 0 0 0 0 0 0 
0 0 0 0 1 3 5 
0 0 0 0 2 0 6 
13 1 53 8 1 3 2 
0 0 1 0 19 113 144 
20 5 11 23 2 9 3 
10 2 1 3 1 17 10 
0 0 0 0 5 34 43 
11 0 0 0 0 0 0 
7 0 2 0 0 0 0 
6 0 11 7 0 0 0 
0 0 0 8 0 0 0 
49 0 2 32 0 1 2 
0 0 0 5 0 0 0 
20 0 63 7 0 0 0 
7 0 0 13 0 0 0 
6 2 20 38 5 2 3 
2 0 2 0 0 29 32 
2 0 6 7 1 5 2 
15 0 10 4 0 0 0 
23 56 266 271 15 29 19 
0 5 0 0 0 0 0 
0 0 0 0 1 7 13 
0 0 0 0 0 2 6 
0 1 0 5 1 0 0 
11 2 19 9 0 2 2 
0 0 22 2 1 36 48 
2 0 17 7 3 1 0 
0 0 5 0 0 0 0 
30 0 2 38 1 0 0 
0 9 0 0 0 0 0 
2 0 1 9 0 0 0 
0 0 3 1 11 17 45 
0 0 8 0 0 10 8 
0 0 0 0 8 0 0 
49 1 15 4 0 0 0 
0 0 0 1 1 43 44 
0 0 6 0 1 0 1 
0 0 0 4 11 25 23 
0 0 0 0 1 6 5 
0 0 0 9 0 0 0 
0 0 2 0 8 0 18 
0 0 0 6 0 0 0 
0 0 1 1 0 4 11 
0 0 17 0 0 30 0 
1 0 1 0 7 2 1 
0 0 0 0 2 4 9 
6 0 0 0 0 0 0 
0 0 0 6 0 0 0 
0 0 0 64 1 1 1 
0 0 0 0 5 5 2 
0 0 0 0 1 0 5 
95 12 17 216 0 0 0 
24 0 1 15 2 1 1 
0 0 0 0 1 52 6 
0 0 0 1 0 8 4 
0 0 0 10 0 2 2 
0 0 2 5 0 0 0 
3 0 58 60 0 0 0 
5 1 12 8 0 0 0 
0 0 0 22 0 0 0 
0 0 0 0 0 1 5 
0 0 0 1 0 7 2 
0 0 0 2 0 1 7 
0 0 0 6 0 0 0 
0 0 0 19 0 0 0 
0 0 0 16 0 0 0 
0 0 0 0 23 46 23 
0 0 0 119 0 0 0 
0 0 0 0 3 19 7 
0 0 0 6 0 0 0 
0 0 2 1 0 17 1 
0 0 0 0 3 7 3 
11 0 4 2 0 0 0 
0 0 0 12 0 0 0 
1 0 7 8 3 0 0 
0 0 0 0 8 23 18 
0 0 0 0 7 6 3 
0 0 0 0 4 133 116 
0 0 0 13 0 6 1 
0 0 0 0 4 27 38 
0 0 0 0 1 13 9 
0 0 0 0 8 8 7 
0 0 0 0 5 1 3 
0 0 0 0 6 15 47 
0 1 2 13 15 28 20 
0 0 0 0 8 20 15 
1 0 0 0 0 15 4 
0 0 0 0 8 16 9 
8 0 4 0 0 0 0 
0 0 0 0 2 8 6 
24 0 14 7 1 2 3 
0 0 0 0 2 9 11 
0 0 0 0 8 0 1 
0 0 0 0 0 0 8 
0 0 0 0 0 8 0 
0 0 17 0 0 0 0 
0 0 9 0 0 0 0 
0 0 5 0 0 0 0 
0 0 0 37 0 0 0 
0 0 30 0 0 0 0 
0 0 6 0 0 0 0 
0 0 0 0 6 1 0 
0 0 1 0 0 6 0 
0 0 38 0 0 0 0 
0 0 0 0 1 5 7 
0 0 150 0 0 0 0 
208 1 297 1 0 0 0 
0 0 1 0 3 12 8 
0 0 23 0 0 0 0 
0 0 0 46 0 0 0 
0 1 3 1 5 75 10 
0 0 0 10 0 0 0 
0 0 0 0 0 28 15 
0 0 0 0 5 42 15 
0 0 21 0 0 0 0 
0 0 5 2 0 0 0 
5 0 2 0 0 0 0 
1 0 1 2 0 44 42 
0 0 0 0 0 24 24 
0 0 0 11 0 0 0 
0 0 0 0 10 6 6 
0 31 0 0 0 0 0 
13 0 9 0 0 0 0 
20 6 13 5 0 0 0 
0 0 0 0 6 0 0 
5 0 0 0 0 0 0 
23 1 63 11 4 33 18 
0 0 21 0 0 0 0 
0 0 15 0 0 0 0 
0 0 0 1 1 0 5 
0 0 114 0 0 0 0 
3 0 5 0 0 0 0 
5 0 0 0 0 0 0 
21 0 169 3 1 6 3 
1 0 6 5 5 34 27 
6 0 1 0 0 0 0 
4 0 10 2 10 15 11 
2 0 3 0 6 0 0 
4 0 55 1 0 0 0 
0 5 8 0 0 0 0 
390 3 701 11 0 1 0 
276 0 341 230 0 0 0 
1 0 7 0 0 0 0 
4 12 25 85 0 0 0 
0 0 46 0 0 0 0 
8 1 28 9 0 0 0 
5 0 0 0 0 0 0 
0 0 25 0 0 0 0 
13 0 14 1 1 0 1 
64 9 20 79 5 118 69 
5 0 25 2 9 83 73 
4 0 23 6 7 37 28 
0 5 2 0 0 11 12 
2 0 0 15 0 0 0 
1 0 19 8 4 87 100 
0 0 0 0 0 7 1 
0 0 0 5 0 0 0 
0 0 6 0 0 0 0 
56 5 142 126 2 11 13 
6 0 12 4 0 0 0 
1 0 7 0 0 0 0 
87 16 241 33 2 3 0 
0 0 0 0 1 7 5 
10 1 7 10 0 0 0 
7 1 21 2 1 0 0 
0 1 8 1 0 0 0 
30 1 76 18 1 0 0 
2 0 0 1 3 10 9 
8 3 1 0 0 0 0 
0 0 95 0 3 0 0 
0 0 5 0 2 2 1 
3 0 2 5 0 0 0 
0 0 7 0 0 0 0 
61 0 11 0 0 0 0 
0 0 0 6 0 0 0 
0 0 0 0 5 0 0 
5 0 0 0 0 0 0 
0 0 7 0 0 0 0 
23 2 215 25 1 5 2 
3 0 0 7 0 4 1 
5 0 0 1 0 0 1 
12 1 48 0 0 3 3 
0 0 0 0 4 0 33 
0 0 0 11 0 0 0 
10 0 22 5 0 0 0 
3 1 65 7 0 0 0 
3 0 13 31 11 53 53 
48 1 208 28 0 0 0 
2 0 18 12 4 16 15 
0 0 0 0 1 10 3 
16 0 88 1 0 0 0 
0 0 6 1 0 0 0 
0 0 15 2 0 0 0 
0 0 1 0 0 9 17 
0 0 0 0 1 17 2 
36 0 1 0 0 0 0 
3 1 37 4 1 23 20 
0 0 0 0 1 10 11 
0 0 0 0 0 5 3 
0 0 0 0 0 17 0 
0 0 0 9 0 0 0 
0 0 0 6 0 0 0 
68 2 60 78 2 0 1 
5 0 0 0 0 0 0 
0 0 0 15 0 0 0 
2 0 70 1 0 1 0 
0 0 0 25 0 0 0 
0 0 0 35 0 0 0 
0 0 0 6 0 0 0 
0 0 0 0 5 7 7 
0 0 0 8 0 0 0 
0 0 0 17 0 0 0 
0 0 0 6 0 0 0 
0 0 11 0 0 0 0 
45 16 288 57 1 0 0 
2 0 54 271 0 0 0 
0 0 0 5 0 0 0 
0 0 0 23 0 0 0 
0 0 0 0 4 0 8 
6 0 0 0 0 0 0 
0 0 84 0 0 0 0 
0 0 0 0 1 0 5 
0 0 0 9 0 0 0 
0 0 0 0 83 175 140 
0 0 0 6 0 0 0 
19 0 47 2 8 93 76 
0 0 0 0 2 19 39 
0 0 0 0 2 0 17 
0 0 0 0 1 6 6 
0 0 0 0 0 9 16 
0 0 0 0 0 22 14 
0 0 0 0 0 9 0 
0 0 0 0 0 1 7 
0 0 0 0 0 5 0 
0 0 0 0 0 7 2 
0 0 0 0 0 18 12 
0 0 0 0 0 2 5 
0 0 0 0 0 6 6 
0 0 8 1 21 115 173 
0 0 3 12 0 0 0 
31 0 0 1 0 0 0 
19 0 17 0 0 0 0 
0 0 0 0 1 6 2 
1 0 0 0 0 8 2 
0 0 11 0 0 0 0 
0 0 0 0 1 18 20 
0 0 2 10 0 0 1 
32 1 4 2 0 8 2 
0 0 5 0 0 0 0 
2 0 23 5 3 6 6 
0 0 5 0 0 0 0 
0 0 12 0 0 0 0 
0 0 86 0 0 0 0 
0 0 0 2 6 82 66 
0 0 0 1 11 4 1 
0 0 0 0 5 20 15 
4 0 8 3 5 9 8 
2 0 1 0 11 30 18 
1 0 0 2 2 16 8 
8 2 237 0 0 0 0 
0 0 0 0 1 4 5 
0 0 0 10 0 0 0 
6 2 18 1 0 0 0 
1 0 0 0 5 14 12 
34 0 1 2 0 0 0 
71 0 65 2 0 0 0 
6 0 16 6 0 24 9 
2 2 3 1 5 51 61 
5 0 11 0 0 6 0 
5 0 23 6 11 25 24 
0 0 0 0 0 7 2 
1 12 1 0 0 0 0 
37 0 2 0 0 0 0 
8 0 41 13 0 0 0 
9 2 8 1 0 0 0 
5 1 4 8 1 7 7 
3 0 19 0 0 0 0 
101 0 3 0 0 0 0 
13 0 6 0 0 0 0 
0 0 1 0 0 10 1 
0 0 4 2 2 22 14 
1 0 0 0 3 28 45 
26 0 0 0 0 0 0 
0 0 0 0 0 9 11 
406 10 357 107 1 5 3 
0 0 0 0 1 5 10 
31 2 20 0 0 0 0 
0 0 4 0 25 108 37 
0 0 0 0 0 6 2 
0 0 0 0 2 2 5 
21 8 55 32 0 0 0 
2 0 128 1 0 0 0 
33 1 42 8 0 0 1 
7 0 1 0 0 0 0 
2 0 6 1 3 30 15 
1 0 0 0 0 5 5 
36 1 59 65 0 0 0 
2 0 0 1 1 73 41 
1 0 1 0 6 9 5 
4 0 0 17 0 0 0 
9 0 8 0 16 99 61 
9 0 21 0 1 2 6 
1 0 0 0 3 9 9 
0 0 0 0 20 336 24 
1 0 6 0 1 7 3 
5 0 6 0 0 0 0 
13 0 2 1 0 0 2 
0 0 108 0 0 0 0 
0 0 29 0 0 0 0 
0 0 3 0 7 35 28 
6 0 18 1 0 2 3 
0 0 0 0 0 33 0 
5 0 0 0 0 0 0 
0 0 4 0 1 5 6 
3 1 152 0 0 0 0 
0 0 0 0 1 5 3 
5 0 1 0 0 0 0 
5 0 5 0 0 0 0 
0 0 0 0 0 11 0 
5 0 0 0 0 0 0 
0 0 2 0 17 26 14 
0 0 0 0 2 10 21 
0 0 0 0 12 14 15 
0 0 0 0 1 6 9 
0 0 0 0 0 7 14 
0 0 0 8 0 0 0 
0 0 11 0 0 0 0 
0 0 0 5 0 0 0 
0 0 0 0 0 1 8 
18 1 18 0 0 0 0 
0 0 0 0 0 5 0 
0 0 0 0 2 10 7 
25 1 31 4 1 11 2 
0 0 0 0 8 10 11 
0 0 0 5 0 0 0 
1 0 0 0 4 25 10 
0 0 0 0 1 13 6 
0 0 0 0 5 8 16 
0 0 0 6 0 0 0 
0 0 0 8 0 0 0 
0 0 0 0 108 23 22 
0 0 0 0 18 77 153 
0 0 0 0 8 103 92 
0 0 0 0 6 16 5 
0 0 0 0 10 9 17 
0 0 0 0 8 15 24 
0 0 0 0 5 65 31 
0 0 0 0 0 0 7 
0 0 0 0 14 119 119 
0 0 0 0 414 350 306 
0 0 0 0 3 8 2 
0 0 0 0 1 5 12 
0 0 0 0 11 47 31 
0 0 0 0 0 5 0 
0 0 0 0 14 19 15 
0 0 0 0 3 21 9 
0 0 0 0 2 11 2 
0 0 0 0 10 8 9 
0 0 0 0 15 8 0 
0 0 0 0 0 7 3 
0 0 0 0 6 44 37 
0 0 0 0 4 8 2 
0 0 0 0 2 5 5 
0 0 0 0 6 10 17 
0 0 0 0 6 12 18 
0 0 0 0 1 5 2 
0 0 0 0 1 2 7 
0 0 0 0 1 5 1 
38 1 30 13 20 58 43 
0 0 0 0 74 193 77 
0 0 0 5 0 0 0 
3 0 23 0 0 99 54 
0 0 0 0 5 0 0 
1 0 0 0 0 10 22 
0 0 0 0 3 22 15 
0 0 0 37 0 0 0 
0 0 0 0 2 6 2 
0 0 0 0 0 16 1 
0 0 0 0 0 5 1 
0 0 0 0 0 9 0 
0 0 0 0 0 4 10 
0 0 0 0 0 10 6 
0 0 0 0 0 17 5 
0 0 0 0 0 12 0 
0 0 0 0 0 5 9 
0 0 0 0 3 17 37 
